

----------------------------------------------------
STRUCTURE by Pritchard, Stephens and Donnelly (2000)
     and Falush, Stephens and Pritchard (2003)
       Code by Pritchard, Falush and Hubisz
             Version 2.3.4 (Jul 2012)
----------------------------------------------------



Command line arguments:   ./structure -m mainparams -e extraparams -i lagartijas_STRUCTURE_fixed.txt -K 10 -D 27727 -o results/K10_rep4 
Input File:    lagartijas_STRUCTURE_fixed.txt

Run parameters:
   237 individuals
   27 loci
   10 populations assumed
   500000 Burn-in period
   1000000 Reps
LOCPRIOR model used


--------------------------------------------
Proportion of membership of each pre-defined
 population in each of the 10 clusters

Given    Inferred Clusters                                                        Number of
 Pop       1      2      3      4      5      6      7      8      9     10      Individuals

  1:     0.001  0.413  0.003  0.003  0.002  0.010  0.001  0.039  0.514  0.013       22
  2:     0.002  0.067  0.001  0.001  0.001  0.002  0.001  0.009  0.885  0.030       10
  3:     0.002  0.406  0.002  0.001  0.002  0.003  0.001  0.051  0.124  0.407       42
  4:     0.001  0.840  0.009  0.003  0.002  0.003  0.003  0.019  0.099  0.022        6
  5:     0.004  0.188  0.006  0.002  0.008  0.015  0.003  0.367  0.269  0.138       20
  6:     0.786  0.008  0.002  0.142  0.002  0.021  0.002  0.003  0.018  0.015       76
  7:     0.245  0.000  0.004  0.724  0.011  0.009  0.003  0.001  0.000  0.003       16
  8:     0.007  0.008  0.006  0.013  0.929  0.021  0.004  0.004  0.004  0.005       27
  9:     0.012  0.009  0.848  0.008  0.069  0.025  0.015  0.004  0.006  0.004       10
 10:     0.001  0.026  0.277  0.003  0.105  0.019  0.517  0.003  0.004  0.044        8
--------------------------------------------

Allele-freq. divergence among pops (Net nucleotide distance),
computed using point estimates of P.

      1       2       3       4       5       6       7       8       9      10      
 1      -    0.1489  0.1054  0.0721  0.0770  0.0489  0.0970  0.1241  0.1824  0.1498  
 2   0.1489     -    0.1277  0.1458  0.1216  0.0686  0.1287  0.0999  0.1260  0.1089  
 3   0.1054  0.1277     -    0.1189  0.0884  0.0477  0.0876  0.1017  0.1636  0.1207  
 4   0.0721  0.1458  0.1189     -    0.0933  0.0555  0.1094  0.1225  0.1680  0.1475  
 5   0.0770  0.1216  0.0884  0.0933     -    0.0385  0.0941  0.0933  0.1551  0.1267  
 6   0.0489  0.0686  0.0477  0.0555  0.0385     -    0.0445  0.0473  0.0939  0.0647  
 7   0.0970  0.1287  0.0876  0.1094  0.0941  0.0445     -    0.0997  0.1470  0.1026  
 8   0.1241  0.0999  0.1017  0.1225  0.0933  0.0473  0.0997     -    0.1093  0.0785  
 9   0.1824  0.1260  0.1636  0.1680  0.1551  0.0939  0.1470  0.1093     -    0.1112  
10   0.1498  0.1089  0.1207  0.1475  0.1267  0.0647  0.1026  0.0785  0.1112     -    

Average distances (expected heterozygosity) between individuals in same cluster:
cluster  1  : 0.6820 
cluster  2  : 0.5133 
cluster  3  : 0.6812 
cluster  4  : 0.6223 
cluster  5  : 0.6600 
cluster  6  : 0.7681 
cluster  7  : 0.6945 
cluster  8  : 0.6674 
cluster  9  : 0.5034 
cluster 10  : 0.6110 

--------------------------------------------
Estimated Ln Prob of Data   = -20298.7
Mean value of ln likelihood = -19424.9
Variance of ln likelihood   = 1747.7
Mean value of alpha         = 2.0793

Mean value of alpha_local for each location:
	location  1:  0.0504  12.0369  0.0897  0.1064  0.0703  0.3183  0.0557  1.1142  15.2783  0.4155
	location  2:  0.0292  0.1037  0.0219  0.0103  0.0131  0.0267  0.0260  0.0362  2.0394  0.1111
	location  3:  0.0838  11.9221  0.0715  0.0292  0.0725  0.0908  0.0459  1.5694  3.7196  12.1647
	location  4:  0.0394  9.2806  0.1582  0.0759  0.0597  0.0681  0.0640  0.2725  1.1615  0.3126
	location  5:  0.1496  5.9608  0.2078  0.0697  0.2738  0.4410  0.1169  11.6025  8.1013  4.5520
	location  6:  4.7830  0.0512  0.0217  0.8596  0.0212  0.1410  0.0206  0.0226  0.0925  0.0925
	location  7:  1.3846  0.0046  0.0383  5.5623  0.1069  0.0769  0.0347  0.0133  0.0010  0.0574
	location  8:  0.1435  0.1553  0.1263  0.2324  15.7565  0.3325  0.0904  0.0732  0.0762  0.0897
	location  9:  0.2392  0.2253  15.2745  0.1553  1.2987  0.4462  0.3599  0.1054  0.1705  0.1123
	location 10:  0.0128  0.1052  0.8164  0.0272  0.3995  0.0748  1.4654  0.0299  0.0493  0.2741

Mean value of Fst_1         = 0.1292
Mean value of Fst_2         = 0.2903
Mean value of Fst_3         = 0.1556
Mean value of Fst_4         = 0.1699
Mean value of Fst_5         = 0.1148
Mean value of Fst_6         = 0.0000
Mean value of Fst_7         = 0.1966
Mean value of Fst_8         = 0.2184
Mean value of Fst_9         = 0.2788
Mean value of Fst_10         = 0.2452

Mean value of r = 0.1213

Inferred ancestry of individuals:
        Label (%Miss) Pop:  Inferred clusters
  1   5SA037    (0)    8 :  0.004 0.003 0.004 0.006 0.961 0.012 0.004 0.002 0.002 0.002 
  2   5SA041    (0)    8 :  0.008 0.004 0.005 0.010 0.945 0.016 0.004 0.002 0.004 0.002 
  3   5SA042    (0)    8 :  0.006 0.014 0.008 0.009 0.926 0.015 0.005 0.007 0.007 0.003 
  4   5SA043    (0)    8 :  0.005 0.006 0.007 0.007 0.948 0.012 0.004 0.003 0.002 0.004 
  5   5SA059    (0)    8 :  0.007 0.008 0.011 0.010 0.933 0.018 0.004 0.003 0.002 0.003 
  6   5SA061    (0)    8 :  0.011 0.005 0.005 0.016 0.937 0.014 0.004 0.003 0.002 0.003 
  7   DED015    (0)    9 :  0.015 0.008 0.732 0.015 0.166 0.038 0.013 0.004 0.004 0.004 
  8   DED046    (0)    7 :  0.212 0.000 0.002 0.749 0.013 0.010 0.007 0.001 0.000 0.004 
  9   DED049    (0)    7 :  0.235 0.000 0.004 0.721 0.008 0.025 0.002 0.001 0.000 0.003 
 10   DED051    (0)    7 :  0.282 0.000 0.002 0.694 0.008 0.008 0.002 0.001 0.000 0.003 
 11   DED075    (0)    9 :  0.023 0.007 0.842 0.006 0.073 0.024 0.013 0.003 0.003 0.005 
 12   DJL286   (18)    1 :  0.001 0.452 0.002 0.003 0.002 0.008 0.001 0.038 0.483 0.010 
 13   DJL297    (0)    1 :  0.001 0.444 0.003 0.003 0.002 0.011 0.002 0.043 0.480 0.011 
 14   DJL868    (3)    6 :  0.855 0.003 0.002 0.108 0.004 0.018 0.003 0.001 0.004 0.003 
 15   DJL869    (0)    6 :  0.639 0.003 0.001 0.333 0.001 0.011 0.001 0.001 0.004 0.004 
 16   DJL870    (0)    6 :  0.869 0.004 0.001 0.094 0.001 0.019 0.002 0.002 0.003 0.005 
 17   DJL872    (0)    6 :  0.887 0.005 0.001 0.065 0.001 0.017 0.001 0.001 0.013 0.009 
 18   DJL878    (3)    6 :  0.726 0.002 0.001 0.243 0.003 0.013 0.001 0.002 0.004 0.006 
 19    DL902    (0)    6 :  0.791 0.010 0.008 0.060 0.002 0.057 0.003 0.005 0.025 0.040 
 20    DL912    (0)    6 :  0.897 0.003 0.002 0.060 0.001 0.015 0.002 0.001 0.005 0.014 
 21    DL914    (0)    6 :  0.777 0.011 0.001 0.148 0.002 0.020 0.001 0.001 0.030 0.008 
 22    DL915    (0)    6 :  0.747 0.006 0.002 0.219 0.001 0.012 0.001 0.002 0.005 0.005 
 23    DL916    (0)    7 :  0.253 0.000 0.002 0.720 0.007 0.006 0.004 0.001 0.000 0.007 
 24    DL924   (29)    1 :  0.002 0.387 0.003 0.006 0.005 0.014 0.002 0.035 0.532 0.014 
 25    DL925    (0)    1 :  0.001 0.372 0.002 0.004 0.002 0.013 0.002 0.035 0.559 0.010 
 26    DL944    (0)    8 :  0.005 0.005 0.005 0.008 0.947 0.014 0.007 0.002 0.002 0.003 
 27    DL957   (11)   10 :  0.001 0.019 0.742 0.002 0.057 0.010 0.149 0.003 0.003 0.014 
 28    DL958   (25)   10 :  0.001 0.119 0.508 0.003 0.071 0.013 0.228 0.003 0.005 0.048 
 29  ESP9057    (0)    1 :  0.001 0.398 0.002 0.002 0.002 0.008 0.001 0.050 0.525 0.011 
 30  ESP9064    (0)    3 :  0.002 0.476 0.002 0.001 0.002 0.003 0.001 0.046 0.093 0.374 
 31  ESP9070    (0)    1 :  0.001 0.369 0.002 0.002 0.001 0.007 0.001 0.032 0.575 0.010 
 32  ESP9085    (0)    6 :  0.857 0.004 0.001 0.103 0.002 0.021 0.001 0.001 0.004 0.005 
 33  ESP9092    (0)    6 :  0.815 0.002 0.001 0.165 0.001 0.008 0.001 0.001 0.003 0.003 
 34  ESP9101    (0)    6 :  0.785 0.020 0.002 0.122 0.002 0.042 0.002 0.001 0.011 0.012 
 35  ESP9104    (0)    6 :  0.857 0.002 0.001 0.119 0.001 0.009 0.001 0.002 0.004 0.004 
 36  ESP9111    (0)    6 :  0.921 0.002 0.001 0.051 0.002 0.011 0.001 0.001 0.003 0.006 
 37  ESP9120    (0)    6 :  0.901 0.003 0.001 0.072 0.001 0.008 0.001 0.001 0.007 0.004 
 38  ESP9137   (22)    6 :  0.602 0.037 0.002 0.058 0.001 0.038 0.003 0.009 0.167 0.082 
 39  ESP9143    (0)    6 :  0.480 0.104 0.002 0.078 0.002 0.058 0.002 0.057 0.131 0.086 
 40  ESP9147    (0)    6 :  0.866 0.002 0.001 0.111 0.001 0.008 0.001 0.001 0.005 0.004 
 41  ESP9149    (0)    6 :  0.883 0.002 0.001 0.096 0.002 0.007 0.001 0.001 0.003 0.004 
 42  ESP9152    (0)    6 :  0.841 0.002 0.002 0.108 0.001 0.023 0.013 0.001 0.005 0.005 
 43  ESP9174    (0)    5 :  0.004 0.148 0.006 0.003 0.010 0.020 0.003 0.365 0.314 0.127 
 44  ESP9179    (3)    4 :  0.001 0.746 0.006 0.003 0.002 0.005 0.003 0.014 0.195 0.024 
 45  ESP9186    (0)    5 :  0.004 0.220 0.005 0.002 0.008 0.012 0.003 0.317 0.254 0.176 
 46  ESP9196    (0)    5 :  0.004 0.206 0.012 0.002 0.008 0.020 0.004 0.384 0.222 0.138 
 47  ESP9197    (0)    5 :  0.003 0.197 0.004 0.001 0.005 0.009 0.002 0.356 0.300 0.123 
 48  ESP9208    (0)    5 :  0.003 0.145 0.012 0.003 0.017 0.028 0.003 0.458 0.214 0.117 
 49  ESP9231    (0)    5 :  0.003 0.180 0.004 0.002 0.006 0.013 0.002 0.386 0.240 0.163 
 50  ESP9232    (0)    5 :  0.004 0.173 0.010 0.003 0.007 0.017 0.002 0.491 0.159 0.134 
 51  ESP9245    (0)    7 :  0.190 0.000 0.002 0.794 0.004 0.005 0.002 0.001 0.000 0.002 
 52  ESP9252    (0)    7 :  0.219 0.000 0.004 0.756 0.010 0.007 0.001 0.001 0.000 0.002 
 53  ESP9258    (0)    7 :  0.254 0.000 0.002 0.730 0.006 0.005 0.001 0.000 0.000 0.002 
 54  ESP9261    (3)    4 :  0.001 0.829 0.006 0.003 0.002 0.003 0.002 0.015 0.128 0.011 
 55  ESP9264    (3)    4 :  0.001 0.879 0.004 0.003 0.002 0.002 0.002 0.022 0.059 0.024 
 56  ESP9273    (0)    4 :  0.001 0.894 0.023 0.002 0.002 0.002 0.002 0.009 0.055 0.010 
 57  ESP9275    (3)    4 :  0.001 0.817 0.008 0.003 0.002 0.003 0.005 0.028 0.114 0.018 
 58  ESP9279    (0)    5 :  0.005 0.227 0.004 0.002 0.010 0.014 0.006 0.306 0.337 0.087 
 59  ESP9311    (0)    5 :  0.004 0.181 0.009 0.002 0.013 0.014 0.003 0.267 0.331 0.176 
 60  ESP9325    (3)    3 :  0.002 0.358 0.001 0.001 0.002 0.002 0.001 0.042 0.189 0.402 
 61  ESP9326    (0)    6 :  0.592 0.024 0.005 0.314 0.003 0.027 0.002 0.004 0.012 0.018 
 62  ESP9330    (0)    6 :  0.598 0.018 0.002 0.339 0.004 0.019 0.001 0.001 0.012 0.006 
 63  ESP9331    (0)    6 :  0.497 0.002 0.002 0.308 0.006 0.080 0.002 0.002 0.096 0.005 
 64  ESP9340    (0)    6 :  0.714 0.003 0.009 0.209 0.005 0.047 0.002 0.001 0.004 0.008 
 65  ESP9349    (0)    6 :  0.807 0.005 0.002 0.139 0.002 0.020 0.001 0.001 0.006 0.017 
 66  ESP9350    (0)    6 :  0.598 0.003 0.002 0.347 0.004 0.029 0.001 0.001 0.009 0.007 
 67  ESP9351    (0)    6 :  0.699 0.003 0.001 0.270 0.002 0.015 0.002 0.001 0.003 0.004 
 68  ESP9357    (0)    6 :  0.885 0.002 0.001 0.083 0.001 0.013 0.001 0.001 0.007 0.005 
 69  ESP9417    (0)    5 :  0.007 0.166 0.007 0.002 0.006 0.012 0.003 0.381 0.286 0.131 
 70  ESP9438    (0)    6 :  0.926 0.002 0.001 0.053 0.001 0.007 0.001 0.001 0.005 0.004 
 71  ESP9451    (0)    6 :  0.795 0.010 0.003 0.129 0.001 0.019 0.001 0.002 0.025 0.015 
 72  ESP9479    (0)    1 :  0.001 0.428 0.002 0.002 0.002 0.008 0.001 0.036 0.503 0.016 
 73  ESP9480    (3)    1 :  0.001 0.475 0.002 0.002 0.001 0.010 0.001 0.049 0.448 0.012 
 74  ESP9485    (0)    1 :  0.001 0.394 0.002 0.002 0.001 0.008 0.001 0.027 0.549 0.014 
 75  ESP9486    (0)    1 :  0.001 0.366 0.002 0.003 0.003 0.012 0.002 0.040 0.554 0.017 
 76  ESP9495    (0)    7 :  0.466 0.000 0.004 0.477 0.034 0.012 0.002 0.001 0.000 0.003 
 77  ESP9557    (3)    2 :  0.003 0.019 0.001 0.001 0.001 0.003 0.002 0.003 0.962 0.005 
 78  ESP9601    (3)    6 :  0.883 0.002 0.003 0.079 0.005 0.015 0.001 0.001 0.006 0.004 
 79  ESP9606    (0)    1 :  0.001 0.502 0.002 0.002 0.001 0.009 0.001 0.035 0.437 0.010 
 80  ESP9616    (0)    6 :  0.851 0.007 0.002 0.088 0.001 0.015 0.002 0.001 0.023 0.009 
 81  ESP9620    (0)    6 :  0.691 0.026 0.003 0.230 0.001 0.029 0.002 0.002 0.007 0.010 
 82  ESP9621    (0)    6 :  0.662 0.011 0.006 0.183 0.008 0.084 0.015 0.004 0.013 0.014 
 83  ESP9642    (0)    3 :  0.002 0.351 0.002 0.001 0.002 0.002 0.001 0.043 0.103 0.493 
 84  ESP9643    (0)    3 :  0.002 0.428 0.001 0.001 0.001 0.002 0.001 0.034 0.109 0.421 
 85 LAF10486    (0)    6 :  0.728 0.013 0.002 0.078 0.002 0.040 0.006 0.009 0.069 0.053 
 86 LAF10487    (0)    6 :  0.700 0.012 0.001 0.057 0.002 0.012 0.001 0.012 0.008 0.194 
 87  LM51001    (0)    6 :  0.814 0.002 0.001 0.158 0.002 0.010 0.001 0.001 0.004 0.007 
 88  LM51002    (0)    6 :  0.779 0.002 0.002 0.192 0.002 0.015 0.002 0.001 0.005 0.003 
 89  LM51003    (0)    6 :  0.857 0.006 0.001 0.100 0.002 0.022 0.002 0.001 0.006 0.003 
 90  LM51004    (0)    6 :  0.875 0.002 0.002 0.058 0.002 0.047 0.002 0.003 0.003 0.006 
 91  LM51005    (0)    6 :  0.934 0.003 0.001 0.042 0.001 0.007 0.001 0.002 0.005 0.004 
 92  LM51007    (0)    6 :  0.456 0.039 0.007 0.054 0.001 0.035 0.010 0.048 0.342 0.009 
 93  LM51010    (0)    6 :  0.927 0.003 0.002 0.048 0.001 0.010 0.002 0.001 0.003 0.003 
 94  LM51011    (0)    6 :  0.893 0.002 0.001 0.088 0.001 0.007 0.001 0.001 0.003 0.003 
 95  LM51012    (0)    6 :  0.762 0.003 0.001 0.199 0.001 0.015 0.001 0.001 0.009 0.008 
 96   MTH270    (0)    5 :  0.003 0.190 0.005 0.002 0.008 0.011 0.002 0.411 0.228 0.139 
 97   MTH275    (0)    5 :  0.005 0.243 0.005 0.002 0.007 0.014 0.004 0.412 0.191 0.117 
 98   MTH276    (0)    5 :  0.004 0.168 0.005 0.002 0.006 0.011 0.002 0.352 0.340 0.110 
 99   MTH468    (3)    3 :  0.002 0.444 0.002 0.001 0.002 0.002 0.001 0.036 0.107 0.403 
100   MTH469    (0)    3 :  0.002 0.348 0.003 0.001 0.005 0.003 0.002 0.065 0.149 0.423 
101   MTH470    (0)    3 :  0.002 0.421 0.002 0.001 0.001 0.002 0.001 0.044 0.149 0.377 
102   MTH472    (0)    3 :  0.005 0.385 0.002 0.001 0.002 0.003 0.001 0.048 0.156 0.399 
103   MTH473    (3)    3 :  0.005 0.466 0.003 0.001 0.003 0.003 0.002 0.050 0.119 0.350 
104   MTH474    (0)    3 :  0.002 0.448 0.004 0.001 0.002 0.004 0.002 0.042 0.129 0.366 
105   MTH475    (0)    3 :  0.002 0.384 0.002 0.001 0.002 0.002 0.001 0.055 0.121 0.430 
106   MTH477    (0)    3 :  0.002 0.407 0.002 0.001 0.002 0.002 0.001 0.053 0.158 0.371 
107   MTH478    (3)    3 :  0.002 0.437 0.002 0.001 0.007 0.004 0.003 0.063 0.123 0.357 
108   MTH489    (3)    3 :  0.005 0.452 0.002 0.001 0.005 0.003 0.001 0.043 0.121 0.367 
109   MTH490    (3)    3 :  0.002 0.409 0.003 0.001 0.002 0.002 0.001 0.058 0.128 0.394 
110   MTH491   (22)    3 :  0.004 0.432 0.004 0.001 0.002 0.003 0.001 0.069 0.098 0.385 
111   MTH492    (0)    3 :  0.002 0.428 0.002 0.001 0.002 0.002 0.001 0.076 0.095 0.390 
112   MTH532    (0)    1 :  0.001 0.452 0.005 0.002 0.002 0.010 0.001 0.030 0.489 0.008 
113   MTH534    (3)    1 :  0.001 0.369 0.005 0.009 0.002 0.020 0.002 0.047 0.536 0.009 
114   MTH571    (0)    1 :  0.001 0.352 0.002 0.002 0.002 0.008 0.001 0.047 0.571 0.015 
115   MTH589    (3)    4 :  0.001 0.872 0.006 0.002 0.002 0.002 0.002 0.025 0.044 0.043 
116   NM1201    (0)    5 :  0.003 0.246 0.004 0.001 0.005 0.010 0.003 0.289 0.326 0.113 
117   NM1204    (3)    5 :  0.006 0.171 0.004 0.002 0.012 0.013 0.003 0.275 0.333 0.180 
118   NM1206    (0)    5 :  0.003 0.154 0.004 0.001 0.005 0.014 0.002 0.451 0.239 0.125 
119   NM1207    (0)    5 :  0.003 0.168 0.006 0.002 0.007 0.011 0.003 0.366 0.209 0.225 
120   NM1208    (0)    5 :  0.003 0.189 0.005 0.001 0.008 0.013 0.003 0.346 0.322 0.109 
121   NM1209    (0)    5 :  0.004 0.199 0.009 0.002 0.013 0.021 0.003 0.370 0.231 0.147 
122  NMG0361    (0)    6 :  0.867 0.003 0.001 0.106 0.001 0.010 0.001 0.001 0.005 0.005 
123  NMG0426    (0)    6 :  0.887 0.002 0.001 0.090 0.001 0.007 0.001 0.001 0.004 0.004 
124  NMG0779    (0)    6 :  0.730 0.025 0.002 0.128 0.001 0.024 0.001 0.008 0.007 0.073 
125  NMG0901    (0)    6 :  0.763 0.002 0.001 0.213 0.001 0.010 0.001 0.001 0.004 0.004 
126  NMG0902    (0)    6 :  0.866 0.003 0.001 0.089 0.002 0.010 0.002 0.002 0.007 0.019 
127  NMG0903    (0)    6 :  0.896 0.003 0.001 0.074 0.002 0.008 0.001 0.001 0.009 0.004 
128  NMG0904    (0)    6 :  0.898 0.004 0.001 0.059 0.002 0.011 0.002 0.001 0.010 0.012 
129   SAR002    (0)    3 :  0.002 0.368 0.003 0.001 0.002 0.003 0.001 0.085 0.082 0.453 
130   SAR003    (0)    3 :  0.003 0.460 0.003 0.001 0.002 0.003 0.002 0.041 0.119 0.368 
131   SAR004    (3)    3 :  0.003 0.378 0.004 0.001 0.003 0.003 0.001 0.050 0.155 0.402 
132   SAR019    (7)    3 :  0.002 0.297 0.002 0.001 0.002 0.002 0.001 0.036 0.136 0.522 
133   SAR021    (0)    1 :  0.001 0.384 0.002 0.004 0.002 0.011 0.002 0.044 0.530 0.019 
134   SAR023    (0)    1 :  0.001 0.400 0.002 0.002 0.001 0.008 0.001 0.024 0.552 0.008 
135   SAR024    (0)    1 :  0.001 0.436 0.002 0.002 0.001 0.008 0.001 0.037 0.498 0.013 
136   SAR027    (0)    1 :  0.001 0.492 0.003 0.004 0.002 0.008 0.001 0.026 0.454 0.010 
137   SAR028    (0)    1 :  0.001 0.341 0.003 0.003 0.002 0.012 0.001 0.042 0.558 0.036 
138   SAR030    (0)    1 :  0.001 0.488 0.002 0.002 0.001 0.007 0.001 0.042 0.444 0.011 
139   SAR050    (3)    3 :  0.002 0.379 0.001 0.001 0.002 0.002 0.001 0.037 0.120 0.454 
140   SAR054    (3)    3 :  0.002 0.277 0.001 0.001 0.001 0.002 0.001 0.035 0.107 0.573 
141   SAR200    (0)    3 :  0.002 0.373 0.002 0.001 0.003 0.003 0.001 0.057 0.123 0.437 
142   SAR204    (0)    6 :  0.918 0.002 0.001 0.064 0.001 0.006 0.001 0.001 0.004 0.003 
143   SAR206    (0)    6 :  0.807 0.003 0.014 0.089 0.002 0.054 0.018 0.003 0.005 0.006 
144   SAR208    (0)    6 :  0.874 0.005 0.003 0.062 0.002 0.023 0.002 0.003 0.020 0.007 
145   SAR210    (0)    6 :  0.889 0.004 0.001 0.083 0.001 0.010 0.001 0.002 0.005 0.004 
146   SAR218    (0)    3 :  0.005 0.494 0.002 0.001 0.002 0.003 0.001 0.040 0.103 0.350 
147   SAR224    (3)    2 :  0.002 0.005 0.001 0.000 0.001 0.002 0.001 0.002 0.979 0.006 
148   SAR226    (3)    2 :  0.001 0.016 0.001 0.000 0.001 0.001 0.001 0.002 0.972 0.005 
149   SAR227    (3)    2 :  0.002 0.022 0.004 0.000 0.001 0.002 0.001 0.002 0.960 0.006 
150   SAR229    (0)    2 :  0.002 0.008 0.001 0.000 0.000 0.002 0.002 0.002 0.972 0.009 
151   SAR252    (0)    6 :  0.757 0.005 0.003 0.214 0.001 0.009 0.001 0.001 0.004 0.003 
152   SAR253    (0)    6 :  0.777 0.003 0.001 0.193 0.001 0.011 0.001 0.001 0.007 0.005 
153   SAR254    (0)    6 :  0.861 0.003 0.003 0.070 0.009 0.025 0.002 0.001 0.004 0.021 
154   SAR255    (0)    6 :  0.850 0.007 0.002 0.098 0.003 0.013 0.001 0.003 0.019 0.004 
155   SAR256    (0)    6 :  0.808 0.007 0.003 0.119 0.002 0.014 0.001 0.004 0.009 0.034 
156   SAR259    (0)    7 :  0.224 0.001 0.007 0.726 0.010 0.015 0.007 0.003 0.000 0.008 
157   SAR261    (0)    7 :  0.154 0.000 0.001 0.822 0.008 0.007 0.002 0.003 0.000 0.002 
158   SAR262   (18)    7 :  0.180 0.000 0.020 0.768 0.013 0.011 0.002 0.001 0.000 0.004 
159   SAR264    (0)    7 :  0.161 0.000 0.001 0.825 0.005 0.004 0.001 0.001 0.000 0.002 
160   SAR265    (0)    7 :  0.303 0.000 0.001 0.681 0.007 0.004 0.001 0.000 0.000 0.002 
161   SAR266    (0)    7 :  0.093 0.001 0.004 0.874 0.011 0.006 0.002 0.004 0.000 0.005 
162   SAR307    (0)    3 :  0.002 0.497 0.001 0.001 0.002 0.002 0.001 0.055 0.124 0.316 
163   SAR348    (0)    6 :  0.881 0.002 0.001 0.089 0.001 0.016 0.003 0.001 0.003 0.003 
164   SAR351    (0)    6 :  0.929 0.002 0.002 0.047 0.002 0.009 0.001 0.001 0.004 0.003 
165   SAR355    (0)    6 :  0.894 0.003 0.002 0.073 0.003 0.014 0.001 0.001 0.003 0.005 
166   SAR356    (0)    6 :  0.772 0.012 0.002 0.157 0.002 0.028 0.006 0.003 0.004 0.013 
167   SAR361    (0)    1 :  0.001 0.433 0.004 0.004 0.003 0.011 0.002 0.032 0.499 0.012 
168   SAR379    (0)    6 :  0.764 0.004 0.001 0.207 0.002 0.010 0.001 0.001 0.007 0.003 
169   SAR381    (0)    7 :  0.492 0.000 0.002 0.480 0.012 0.007 0.002 0.001 0.000 0.004 
170   SAR383    (0)    6 :  0.704 0.002 0.001 0.245 0.003 0.029 0.002 0.002 0.004 0.008 
171  S5AR008    (3)    3 :  0.002 0.391 0.002 0.001 0.002 0.002 0.001 0.047 0.106 0.448 
172  S5AR009    (0)    3 :  0.002 0.359 0.002 0.001 0.002 0.002 0.001 0.067 0.100 0.464 
173 S5AR010.1    (3)    3 :  0.002 0.463 0.002 0.001 0.002 0.002 0.001 0.054 0.096 0.378 
174 S5AR010.2    (7)    3 :  0.002 0.369 0.002 0.001 0.002 0.002 0.001 0.042 0.114 0.466 
175  S5AR011    (0)    3 :  0.002 0.397 0.002 0.001 0.002 0.003 0.001 0.073 0.159 0.360 
176  S5AR012    (0)    3 :  0.003 0.337 0.002 0.001 0.003 0.006 0.002 0.052 0.172 0.423 
177  S5AR013    (3)    3 :  0.002 0.424 0.001 0.001 0.002 0.002 0.001 0.052 0.127 0.389 
178  S5AR030    (3)    3 :  0.002 0.414 0.003 0.001 0.002 0.003 0.001 0.073 0.085 0.416 
179  S5AR031    (3)    3 :  0.003 0.394 0.001 0.001 0.002 0.002 0.001 0.043 0.110 0.442 
180  S5AR032    (3)    3 :  0.004 0.431 0.002 0.001 0.002 0.004 0.002 0.049 0.127 0.378 
181  S5AR033    (0)    3 :  0.002 0.408 0.002 0.001 0.002 0.002 0.001 0.032 0.188 0.363 
182  S5AR034    (3)    3 :  0.002 0.380 0.002 0.001 0.001 0.002 0.002 0.052 0.149 0.409 
183 T5W510432    (3)    2 :  0.001 0.004 0.001 0.001 0.001 0.001 0.001 0.001 0.981 0.008 
184 T5W510433    (7)    2 :  0.001 0.008 0.002 0.001 0.001 0.002 0.001 0.003 0.940 0.042 
185 T5W510439    (0)    2 :  0.002 0.024 0.001 0.001 0.000 0.002 0.001 0.003 0.948 0.017 
186 T5W510440    (0)    2 :  0.003 0.006 0.001 0.000 0.001 0.002 0.001 0.004 0.957 0.024 
187 T5W510442    (0)    2 :  0.002 0.558 0.002 0.001 0.002 0.006 0.002 0.072 0.181 0.175 
188 T5W510450    (0)   10 :  0.003 0.032 0.128 0.007 0.031 0.075 0.663 0.004 0.010 0.047 
189 T5W510461    (0)    6 :  0.863 0.002 0.003 0.113 0.002 0.008 0.001 0.002 0.003 0.004 
190 T5W510491    (3)    5 :  0.003 0.191 0.004 0.001 0.006 0.014 0.003 0.364 0.293 0.119 
191 T5W510518    (0)    6 :  0.905 0.004 0.001 0.059 0.001 0.009 0.001 0.004 0.008 0.008 
192 T5W591345    (0)    6 :  0.591 0.007 0.001 0.365 0.002 0.016 0.002 0.001 0.009 0.005 
193 T5W591495    (0)    6 :  0.548 0.003 0.003 0.383 0.008 0.022 0.005 0.002 0.005 0.021 
194 T5W591497    (3)    3 :  0.002 0.460 0.001 0.001 0.002 0.002 0.001 0.058 0.118 0.355 
195 T5W591500    (0)    3 :  0.002 0.414 0.002 0.001 0.002 0.002 0.001 0.044 0.143 0.390 
196 T5W591501    (0)    3 :  0.004 0.376 0.006 0.001 0.003 0.005 0.002 0.051 0.097 0.455 
197 T5W592573    (0)    3 :  0.002 0.438 0.003 0.001 0.003 0.003 0.001 0.046 0.115 0.388 
198 T5W592574    (0)    6 :  0.878 0.005 0.003 0.078 0.007 0.016 0.002 0.001 0.004 0.005 
199 T5W592575    (0)    6 :  0.766 0.014 0.003 0.130 0.005 0.040 0.005 0.001 0.003 0.033 
200 T5W593505    (0)    1 :  0.002 0.364 0.002 0.003 0.003 0.019 0.002 0.058 0.529 0.018 
201 T5W593559    (0)    6 :  0.882 0.003 0.001 0.089 0.002 0.013 0.001 0.001 0.003 0.004 
202 T5W594831    (0)    6 :  0.721 0.008 0.002 0.078 0.002 0.074 0.004 0.003 0.030 0.078 
203  TJH2839    (0)   10 :  0.001 0.010 0.289 0.002 0.153 0.010 0.516 0.003 0.003 0.015 
204  TJH2840    (0)   10 :  0.001 0.008 0.043 0.002 0.075 0.008 0.678 0.003 0.005 0.177 
205  TJH2846    (0)   10 :  0.002 0.011 0.147 0.002 0.225 0.015 0.574 0.002 0.003 0.020 
206  TJH2880    (0)    9 :  0.010 0.007 0.882 0.004 0.057 0.018 0.012 0.003 0.004 0.003 
207  TJH2918    (0)    9 :  0.008 0.025 0.834 0.006 0.071 0.028 0.010 0.006 0.006 0.007 
208  TJH2927    (0)    9 :  0.013 0.010 0.859 0.004 0.046 0.032 0.025 0.004 0.004 0.004 
209  TJH2939    (0)    9 :  0.013 0.009 0.852 0.018 0.055 0.025 0.011 0.004 0.008 0.004 
210  TJH2963    (3)    8 :  0.008 0.014 0.004 0.007 0.945 0.012 0.002 0.002 0.002 0.003 
211  TJH2966    (0)    8 :  0.006 0.008 0.004 0.008 0.952 0.012 0.003 0.003 0.002 0.003 
212  TJH2971    (0)    8 :  0.006 0.004 0.005 0.017 0.943 0.015 0.003 0.002 0.002 0.002 
213  TJH2975    (0)    8 :  0.007 0.008 0.005 0.013 0.936 0.016 0.005 0.005 0.002 0.004 
214  TJH2984    (0)    8 :  0.004 0.005 0.005 0.007 0.942 0.016 0.005 0.004 0.010 0.004 
215  TJH2991    (0)    8 :  0.009 0.007 0.004 0.012 0.926 0.018 0.004 0.003 0.009 0.009 
216  TJH2993    (3)    8 :  0.009 0.007 0.006 0.045 0.900 0.020 0.004 0.003 0.004 0.003 
217  TJH2994    (0)    8 :  0.008 0.014 0.011 0.009 0.883 0.040 0.003 0.005 0.004 0.023 
218  TJH3000    (0)    8 :  0.022 0.005 0.010 0.026 0.892 0.028 0.006 0.003 0.003 0.004 
219  TJH3007    (0)    8 :  0.007 0.019 0.009 0.009 0.904 0.026 0.005 0.004 0.010 0.006 
220  TJH3011    (0)    8 :  0.006 0.007 0.006 0.010 0.937 0.019 0.003 0.003 0.003 0.006 
221  TJH3012    (0)    8 :  0.005 0.005 0.008 0.011 0.941 0.013 0.003 0.003 0.002 0.009 
222  TJH3019    (0)    8 :  0.012 0.006 0.004 0.014 0.942 0.013 0.004 0.002 0.002 0.002 
223  TJH3020    (0)    8 :  0.006 0.010 0.004 0.013 0.940 0.015 0.004 0.003 0.002 0.003 
224  TJH3025    (0)    8 :  0.008 0.005 0.004 0.011 0.941 0.021 0.003 0.002 0.002 0.003 
225  TJH3030    (0)    8 :  0.005 0.012 0.008 0.008 0.931 0.020 0.007 0.004 0.003 0.003 
226  TJH3033    (0)    8 :  0.004 0.005 0.004 0.007 0.959 0.012 0.002 0.002 0.002 0.002 
227  TJH3038    (0)    8 :  0.008 0.007 0.012 0.033 0.776 0.125 0.012 0.015 0.007 0.006 
228   TJH787   (29)    6 :  0.302 0.003 0.002 0.670 0.001 0.010 0.001 0.002 0.005 0.004 
229   TJH789   (29)    7 :  0.202 0.000 0.003 0.760 0.020 0.008 0.002 0.001 0.000 0.003 
230   TX1201    (0)    9 :  0.010 0.005 0.872 0.006 0.059 0.022 0.017 0.003 0.003 0.003 
231 TX2011012    (3)   10 :  0.001 0.005 0.241 0.001 0.127 0.006 0.597 0.001 0.002 0.018 
232 TX2011241    (0)   10 :  0.003 0.005 0.118 0.004 0.102 0.018 0.731 0.002 0.002 0.016 
233 TX2011252    (0)    8 :  0.006 0.008 0.005 0.007 0.937 0.024 0.003 0.003 0.003 0.003 
234 TX2011253    (0)    8 :  0.006 0.005 0.005 0.009 0.949 0.013 0.004 0.002 0.003 0.004 
235 TX2011285    (0)    9 :  0.006 0.006 0.898 0.004 0.043 0.016 0.017 0.002 0.005 0.002 
236 TX2011286    (0)    9 :  0.013 0.010 0.843 0.007 0.068 0.025 0.014 0.004 0.011 0.005 
237 TX2011287    (0)    9 :  0.006 0.008 0.863 0.005 0.057 0.026 0.019 0.003 0.009 0.004 


Estimated Allele Frequencies in each cluster
First column gives estimated ancestral frequencies


Locus 1 : 
4 alleles
0.0% missing data
 109   (0.547) 0.353 0.823 0.412 0.486 0.883 0.547 0.191 0.592 0.552 0.291 
 103   (0.104) 0.278 0.004 0.315 0.048 0.069 0.104 0.033 0.042 0.005 0.009 
 112   (0.321) 0.268 0.172 0.267 0.455 0.044 0.321 0.768 0.361 0.442 0.698 
 106   (0.027) 0.101 0.001 0.006 0.011 0.003 0.027 0.008 0.004 0.001 0.002 

Locus 2 : 
17 alleles
0.0% missing data
 185   (0.139) 0.179 0.043 0.089 0.249 0.599 0.139 0.059 0.055 0.021 0.199 
 217   (0.088) 0.085 0.015 0.117 0.034 0.096 0.088 0.058 0.020 0.019 0.143 
 221   (0.118) 0.073 0.167 0.165 0.159 0.112 0.118 0.069 0.086 0.017 0.103 
 213   (0.067) 0.013 0.040 0.019 0.034 0.038 0.067 0.154 0.145 0.022 0.049 
 225   (0.102) 0.026 0.083 0.046 0.134 0.090 0.102 0.140 0.043 0.265 0.112 
 229   (0.070) 0.010 0.167 0.040 0.136 0.010 0.070 0.148 0.040 0.215 0.023 
 193   (0.047) 0.381 0.002 0.010 0.131 0.006 0.047 0.016 0.061 0.005 0.007 
 233   (0.055) 0.007 0.191 0.188 0.008 0.007 0.055 0.020 0.053 0.145 0.037 
 201   (0.039) 0.022 0.046 0.008 0.005 0.005 0.039 0.013 0.248 0.011 0.033 
 197   (0.041) 0.163 0.001 0.134 0.008 0.006 0.041 0.108 0.006 0.002 0.003 
 241   (0.047) 0.006 0.014 0.115 0.007 0.007 0.047 0.079 0.021 0.087 0.025 
 237   (0.050) 0.013 0.133 0.032 0.010 0.007 0.050 0.030 0.025 0.097 0.013 
 209   (0.030) 0.013 0.005 0.006 0.007 0.004 0.030 0.011 0.043 0.003 0.101 
 205   (0.043) 0.006 0.085 0.009 0.071 0.006 0.043 0.015 0.085 0.025 0.018 
 245   (0.019) 0.001 0.004 0.004 0.002 0.002 0.019 0.007 0.036 0.055 0.002 
 189   (0.027) 0.003 0.002 0.014 0.004 0.005 0.027 0.066 0.030 0.010 0.003 
 249   (0.017) 0.001 0.002 0.003 0.002 0.002 0.017 0.005 0.003 0.001 0.129 

Locus 3 : 
11 alleles
0.0% missing data
 130   (0.023) 0.001 0.001 0.005 0.002 0.082 0.023 0.008 0.004 0.001 0.002 
 117   (0.188) 0.174 0.036 0.106 0.059 0.306 0.188 0.102 0.163 0.064 0.252 
 125   (0.151) 0.490 0.005 0.034 0.373 0.382 0.151 0.342 0.042 0.009 0.013 
 121   (0.457) 0.320 0.937 0.676 0.513 0.191 0.457 0.432 0.487 0.247 0.696 
 127   (0.018) 0.002 0.001 0.004 0.016 0.002 0.018 0.006 0.003 0.001 0.001 
 129   (0.024) 0.001 0.002 0.005 0.002 0.003 0.024 0.008 0.012 0.642 0.004 
 123   (0.035) 0.002 0.002 0.142 0.003 0.005 0.035 0.016 0.121 0.003 0.004 
 131   (0.032) 0.002 0.004 0.007 0.020 0.004 0.032 0.012 0.041 0.004 0.015 
 133   (0.027) 0.001 0.012 0.005 0.003 0.003 0.027 0.009 0.120 0.027 0.010 
 119   (0.027) 0.006 0.001 0.006 0.005 0.018 0.027 0.010 0.005 0.001 0.002 
 115   (0.019) 0.001 0.001 0.011 0.002 0.004 0.019 0.055 0.003 0.001 0.001 

Locus 4 : 
20 alleles
0.0% missing data
 132   (0.099) 0.257 0.009 0.089 0.061 0.326 0.099 0.124 0.171 0.006 0.029 
 136   (0.077) 0.061 0.017 0.132 0.025 0.129 0.077 0.048 0.049 0.055 0.007 
 138   (0.143) 0.122 0.258 0.139 0.166 0.183 0.143 0.425 0.036 0.245 0.028 
 140   (0.095) 0.134 0.106 0.121 0.098 0.038 0.095 0.039 0.069 0.263 0.077 
 134   (0.097) 0.162 0.139 0.031 0.288 0.102 0.097 0.107 0.031 0.018 0.055 
 122   (0.022) 0.001 0.001 0.073 0.002 0.003 0.022 0.012 0.004 0.013 0.002 
 146   (0.049) 0.007 0.013 0.014 0.107 0.008 0.049 0.067 0.103 0.109 0.007 
 142   (0.062) 0.070 0.025 0.013 0.067 0.014 0.062 0.022 0.303 0.040 0.014 
 144   (0.087) 0.070 0.083 0.132 0.089 0.039 0.087 0.060 0.035 0.142 0.035 
 120   (0.018) 0.051 0.001 0.004 0.003 0.002 0.018 0.006 0.003 0.001 0.001 
 152   (0.016) 0.001 0.024 0.003 0.002 0.002 0.016 0.005 0.007 0.015 0.003 
 130   (0.070) 0.025 0.023 0.107 0.034 0.125 0.070 0.025 0.039 0.006 0.184 
 112   (0.016) 0.001 0.001 0.109 0.002 0.002 0.016 0.008 0.002 0.001 0.001 
 128   (0.035) 0.002 0.279 0.008 0.004 0.011 0.035 0.012 0.028 0.003 0.502 
 116   (0.014) 0.007 0.001 0.003 0.003 0.002 0.014 0.005 0.002 0.001 0.001 
 148   (0.038) 0.016 0.006 0.008 0.040 0.005 0.038 0.013 0.021 0.067 0.040 
 126   (0.015) 0.005 0.001 0.003 0.004 0.002 0.015 0.008 0.002 0.001 0.001 
 124   (0.018) 0.001 0.013 0.004 0.002 0.002 0.018 0.006 0.069 0.012 0.009 
 154   (0.015) 0.006 0.001 0.003 0.004 0.002 0.015 0.005 0.002 0.001 0.001 
 150   (0.014) 0.001 0.002 0.004 0.001 0.002 0.015 0.005 0.024 0.002 0.003 

Locus 5 : 
25 alleles
3.0% missing data
 366   (0.127) 0.256 0.008 0.206 0.213 0.203 0.127 0.299 0.190 0.008 0.026 
 346   (0.022) 0.001 0.001 0.008 0.003 0.172 0.022 0.028 0.003 0.001 0.002 
 350   (0.034) 0.002 0.304 0.007 0.004 0.113 0.034 0.012 0.007 0.003 0.020 
 362   (0.131) 0.332 0.014 0.173 0.348 0.202 0.131 0.107 0.101 0.019 0.029 
 361   (0.029) 0.001 0.041 0.077 0.003 0.004 0.029 0.010 0.008 0.004 0.040 
 370   (0.100) 0.290 0.010 0.094 0.044 0.036 0.100 0.081 0.148 0.027 0.314 
 358   (0.072) 0.039 0.078 0.085 0.066 0.021 0.072 0.026 0.239 0.008 0.031 
 398   (0.016) 0.001 0.134 0.004 0.002 0.002 0.016 0.005 0.003 0.001 0.005 
 374   (0.050) 0.025 0.005 0.011 0.126 0.015 0.050 0.018 0.036 0.383 0.009 
 378   (0.068) 0.017 0.018 0.049 0.037 0.071 0.068 0.066 0.024 0.307 0.025 
 382   (0.017) 0.001 0.001 0.004 0.002 0.002 0.017 0.006 0.004 0.090 0.002 
 354   (0.082) 0.020 0.041 0.118 0.015 0.109 0.082 0.030 0.076 0.062 0.220 
 394   (0.021) 0.001 0.143 0.005 0.002 0.003 0.021 0.007 0.004 0.002 0.033 
 402   (0.019) 0.001 0.004 0.004 0.002 0.002 0.019 0.006 0.076 0.002 0.038 
 385   (0.017) 0.001 0.001 0.004 0.092 0.002 0.017 0.006 0.003 0.001 0.001 
 353   (0.021) 0.001 0.132 0.004 0.002 0.003 0.021 0.007 0.007 0.012 0.009 
 386   (0.016) 0.001 0.001 0.003 0.002 0.002 0.016 0.005 0.002 0.046 0.001 
 406   (0.016) 0.001 0.004 0.004 0.002 0.002 0.016 0.006 0.029 0.004 0.017 
 373   (0.014) 0.001 0.004 0.003 0.002 0.002 0.014 0.005 0.005 0.002 0.012 
 357   (0.025) 0.003 0.037 0.005 0.004 0.003 0.025 0.009 0.009 0.006 0.097 
 390   (0.015) 0.001 0.007 0.003 0.002 0.002 0.015 0.005 0.006 0.002 0.031 
 365   (0.037) 0.003 0.004 0.084 0.021 0.019 0.037 0.015 0.009 0.007 0.004 
 349   (0.016) 0.001 0.007 0.004 0.002 0.002 0.016 0.006 0.006 0.002 0.031 
 342   (0.018) 0.001 0.001 0.005 0.002 0.002 0.018 0.228 0.003 0.001 0.001 
 369   (0.015) 0.001 0.001 0.036 0.002 0.002 0.015 0.006 0.002 0.001 0.001 

Locus 6 : 
14 alleles
0.4% missing data
 117   (0.412) 0.566 0.222 0.516 0.635 0.648 0.412 0.263 0.385 0.913 0.175 
 137   (0.056) 0.035 0.003 0.036 0.014 0.056 0.056 0.022 0.032 0.004 0.006 
 135   (0.086) 0.251 0.309 0.020 0.036 0.053 0.086 0.068 0.031 0.008 0.026 
 133   (0.124) 0.080 0.131 0.030 0.261 0.094 0.124 0.380 0.037 0.007 0.099 
 143   (0.039) 0.002 0.002 0.146 0.004 0.071 0.039 0.015 0.021 0.003 0.005 
 123   (0.021) 0.001 0.219 0.004 0.002 0.003 0.021 0.007 0.005 0.002 0.010 
 129   (0.055) 0.050 0.028 0.011 0.009 0.007 0.055 0.019 0.054 0.039 0.154 
 139   (0.072) 0.008 0.013 0.207 0.024 0.023 0.072 0.136 0.318 0.011 0.008 
 141   (0.022) 0.001 0.027 0.004 0.002 0.003 0.022 0.007 0.025 0.001 0.069 
 145   (0.026) 0.002 0.007 0.005 0.003 0.003 0.026 0.008 0.038 0.002 0.407 
 131   (0.030) 0.002 0.033 0.009 0.003 0.006 0.030 0.055 0.011 0.006 0.026 
 149   (0.020) 0.001 0.005 0.004 0.002 0.003 0.020 0.007 0.037 0.003 0.013 
 127   (0.019) 0.001 0.001 0.004 0.002 0.016 0.019 0.007 0.003 0.001 0.001 
 147   (0.018) 0.001 0.001 0.004 0.002 0.016 0.018 0.006 0.003 0.001 0.001 

Locus 7 : 
17 alleles
0.4% missing data
 197   (0.213) 0.315 0.008 0.243 0.485 0.757 0.213 0.140 0.091 0.009 0.018 
 203   (0.141) 0.008 0.023 0.258 0.033 0.112 0.141 0.109 0.452 0.085 0.140 
 215   (0.055) 0.385 0.009 0.011 0.035 0.007 0.055 0.019 0.014 0.003 0.027 
 217   (0.038) 0.094 0.001 0.008 0.112 0.005 0.038 0.012 0.006 0.001 0.003 
 201   (0.039) 0.002 0.006 0.117 0.004 0.018 0.039 0.014 0.010 0.006 0.003 
 207   (0.130) 0.021 0.484 0.049 0.023 0.028 0.130 0.045 0.272 0.868 0.502 
 199   (0.102) 0.049 0.349 0.224 0.016 0.014 0.102 0.098 0.101 0.015 0.055 
 219   (0.025) 0.071 0.001 0.005 0.012 0.003 0.025 0.008 0.004 0.001 0.002 
 211   (0.037) 0.003 0.008 0.008 0.018 0.005 0.037 0.033 0.010 0.002 0.201 
 229   (0.022) 0.006 0.001 0.004 0.029 0.003 0.022 0.007 0.004 0.001 0.002 
 231   (0.019) 0.006 0.001 0.004 0.005 0.002 0.019 0.006 0.003 0.001 0.001 
 221   (0.024) 0.021 0.001 0.005 0.005 0.003 0.024 0.008 0.004 0.001 0.002 
 205   (0.040) 0.006 0.001 0.040 0.007 0.006 0.040 0.462 0.007 0.002 0.003 
 227   (0.023) 0.001 0.001 0.005 0.065 0.003 0.023 0.008 0.004 0.001 0.002 
 213   (0.032) 0.003 0.001 0.007 0.130 0.014 0.032 0.011 0.005 0.001 0.002 
 209   (0.039) 0.007 0.104 0.008 0.018 0.005 0.039 0.013 0.009 0.002 0.036 
 223   (0.020) 0.001 0.001 0.004 0.002 0.016 0.020 0.007 0.003 0.001 0.001 

Locus 8 : 
11 alleles
0.0% missing data
 242   (0.543) 0.669 0.933 0.423 0.931 0.711 0.543 0.273 0.306 0.127 0.156 
 245   (0.077) 0.004 0.003 0.472 0.008 0.075 0.077 0.212 0.013 0.128 0.006 
 251   (0.084) 0.004 0.035 0.019 0.008 0.069 0.084 0.061 0.117 0.686 0.388 
 233   (0.018) 0.002 0.001 0.004 0.016 0.002 0.018 0.006 0.003 0.001 0.001 
 239   (0.062) 0.288 0.005 0.037 0.011 0.019 0.062 0.024 0.014 0.005 0.014 
 260   (0.035) 0.017 0.006 0.007 0.006 0.005 0.035 0.013 0.012 0.009 0.028 
 257   (0.035) 0.002 0.007 0.007 0.003 0.005 0.035 0.012 0.409 0.003 0.105 
 254   (0.034) 0.004 0.002 0.007 0.004 0.004 0.034 0.013 0.049 0.034 0.007 
 243   (0.020) 0.001 0.001 0.004 0.002 0.003 0.020 0.007 0.031 0.002 0.003 
 248   (0.072) 0.004 0.007 0.016 0.007 0.105 0.072 0.371 0.043 0.005 0.291 
 236   (0.020) 0.006 0.001 0.004 0.004 0.003 0.020 0.007 0.003 0.001 0.001 

Locus 9 : 
13 alleles
0.0% missing data
 161   (0.171) 0.223 0.017 0.070 0.071 0.410 0.171 0.332 0.051 0.015 0.497 
 163   (0.114) 0.164 0.017 0.079 0.018 0.181 0.114 0.160 0.024 0.072 0.010 
 169   (0.262) 0.329 0.296 0.057 0.155 0.248 0.262 0.130 0.494 0.673 0.267 
 171   (0.058) 0.004 0.098 0.012 0.020 0.037 0.058 0.021 0.095 0.014 0.074 
 167   (0.074) 0.202 0.002 0.037 0.296 0.021 0.074 0.111 0.012 0.003 0.006 
 181   (0.026) 0.002 0.001 0.005 0.018 0.017 0.026 0.011 0.004 0.001 0.002 
 157   (0.030) 0.041 0.001 0.006 0.050 0.004 0.030 0.010 0.005 0.001 0.002 
 159   (0.081) 0.024 0.008 0.552 0.314 0.011 0.081 0.038 0.050 0.004 0.033 
 165   (0.081) 0.005 0.547 0.160 0.008 0.011 0.081 0.150 0.111 0.202 0.067 
 177   (0.027) 0.002 0.001 0.006 0.041 0.004 0.027 0.010 0.028 0.003 0.004 
 173   (0.036) 0.002 0.007 0.007 0.004 0.051 0.036 0.013 0.038 0.003 0.034 
 179   (0.020) 0.001 0.001 0.004 0.002 0.003 0.020 0.007 0.078 0.002 0.003 
 151   (0.019) 0.001 0.004 0.004 0.002 0.002 0.019 0.007 0.008 0.006 0.002 

Locus 10 : 
9 alleles
1.3% missing data
 206   (0.705) 0.391 0.987 0.659 0.937 0.720 0.705 0.356 0.792 0.983 0.972 
 209   (0.150) 0.326 0.007 0.083 0.048 0.259 0.150 0.311 0.160 0.009 0.015 
 215   (0.027) 0.001 0.001 0.196 0.003 0.004 0.027 0.043 0.004 0.001 0.002 
 203   (0.025) 0.277 0.001 0.005 0.004 0.003 0.025 0.009 0.004 0.001 0.002 
 197   (0.018) 0.001 0.002 0.004 0.002 0.002 0.018 0.007 0.028 0.002 0.003 
 212   (0.018) 0.001 0.001 0.007 0.002 0.003 0.018 0.059 0.003 0.001 0.002 
 223   (0.019) 0.001 0.001 0.007 0.002 0.003 0.019 0.060 0.003 0.001 0.002 
 220   (0.020) 0.001 0.001 0.007 0.002 0.003 0.020 0.149 0.003 0.001 0.001 
 218   (0.017) 0.001 0.001 0.032 0.002 0.003 0.017 0.007 0.003 0.001 0.001 

Locus 11 : 
15 alleles
0.4% missing data
 155   (0.112) 0.298 0.004 0.117 0.022 0.269 0.112 0.320 0.018 0.005 0.008 
 165   (0.251) 0.029 0.626 0.314 0.029 0.464 0.251 0.113 0.607 0.891 0.548 
 173   (0.085) 0.077 0.026 0.040 0.668 0.012 0.085 0.029 0.021 0.040 0.009 
 183   (0.033) 0.013 0.001 0.078 0.007 0.005 0.033 0.012 0.006 0.001 0.003 
 177   (0.096) 0.009 0.044 0.057 0.149 0.108 0.096 0.068 0.026 0.016 0.040 
 185   (0.053) 0.438 0.002 0.113 0.020 0.007 0.053 0.018 0.009 0.002 0.004 
 187   (0.048) 0.036 0.009 0.013 0.011 0.006 0.048 0.059 0.014 0.003 0.053 
 169   (0.019) 0.005 0.001 0.005 0.003 0.002 0.019 0.006 0.003 0.001 0.002 
 175   (0.072) 0.005 0.008 0.169 0.042 0.020 0.072 0.027 0.174 0.022 0.007 
 167   (0.067) 0.004 0.262 0.023 0.019 0.021 0.067 0.033 0.085 0.010 0.234 
 163   (0.021) 0.001 0.005 0.004 0.002 0.003 0.021 0.007 0.010 0.002 0.030 
 179   (0.031) 0.005 0.009 0.007 0.006 0.004 0.031 0.010 0.008 0.002 0.054 
 181   (0.042) 0.074 0.001 0.011 0.006 0.006 0.042 0.150 0.007 0.002 0.003 
 171   (0.029) 0.003 0.001 0.006 0.012 0.038 0.029 0.010 0.005 0.001 0.002 
 189   (0.042) 0.002 0.001 0.041 0.004 0.036 0.042 0.137 0.007 0.002 0.003 

Locus 12 : 
6 alleles
0.0% missing data
 165   (0.824) 0.890 0.984 0.857 0.966 0.628 0.824 0.917 0.481 0.990 0.943 
 167   (0.082) 0.105 0.009 0.020 0.025 0.280 0.082 0.052 0.018 0.005 0.028 
 169   (0.023) 0.001 0.001 0.005 0.002 0.083 0.023 0.008 0.003 0.001 0.002 
 171   (0.020) 0.001 0.001 0.107 0.002 0.003 0.020 0.007 0.003 0.001 0.001 
 173   (0.029) 0.001 0.004 0.006 0.003 0.004 0.029 0.009 0.378 0.002 0.024 
 161   (0.022) 0.001 0.001 0.004 0.002 0.003 0.022 0.007 0.116 0.001 0.002 

Locus 13 : 
8 alleles
1.3% missing data
 185   (0.037) 0.002 0.001 0.007 0.083 0.103 0.037 0.013 0.006 0.001 0.003 
 188   (0.597) 0.571 0.967 0.167 0.637 0.592 0.597 0.428 0.760 0.973 0.816 
 191   (0.093) 0.194 0.003 0.019 0.197 0.175 0.093 0.080 0.016 0.004 0.007 
 193   (0.023) 0.001 0.001 0.004 0.002 0.068 0.023 0.008 0.004 0.001 0.002 
 190   (0.188) 0.219 0.021 0.790 0.064 0.055 0.188 0.292 0.199 0.013 0.168 
 182   (0.023) 0.011 0.001 0.004 0.012 0.003 0.023 0.008 0.004 0.001 0.002 
 187   (0.019) 0.001 0.005 0.004 0.002 0.002 0.019 0.007 0.008 0.006 0.002 
 189   (0.020) 0.001 0.001 0.005 0.002 0.003 0.020 0.163 0.003 0.001 0.002 

Locus 14 : 
28 alleles
9.7% missing data
 396   (0.123) 0.190 0.069 0.186 0.204 0.314 0.123 0.183 0.031 0.166 0.109 
 408   (0.050) 0.082 0.024 0.012 0.023 0.053 0.051 0.019 0.055 0.204 0.007 
 407   (0.026) 0.029 0.001 0.006 0.046 0.016 0.026 0.009 0.004 0.001 0.002 
 400   (0.111) 0.159 0.033 0.028 0.224 0.138 0.111 0.332 0.331 0.348 0.032 
 410   (0.042) 0.016 0.003 0.039 0.072 0.038 0.042 0.016 0.063 0.003 0.006 
