

----------------------------------------------------
STRUCTURE by Pritchard, Stephens and Donnelly (2000)
     and Falush, Stephens and Pritchard (2003)
       Code by Pritchard, Falush and Hubisz
             Version 2.3.4 (Jul 2012)
----------------------------------------------------



Command line arguments:   ./structure -m mainparams -e extraparams -i lagartijas_STRUCTURE_fixed.txt -K 9 -D 8354 -o results/K9_rep3 
Input File:    lagartijas_STRUCTURE_fixed.txt

Run parameters:
   237 individuals
   27 loci
   9 populations assumed
   500000 Burn-in period
   1000000 Reps
LOCPRIOR model used


--------------------------------------------
Proportion of membership of each pre-defined
 population in each of the 9 clusters

Given    Inferred Clusters                                                 Number of
 Pop       1      2      3      4      5      6      7      8      9      Individuals

  1:     0.436  0.002  0.002  0.014  0.517  0.002  0.021  0.001  0.004       22
  2:     0.077  0.001  0.000  0.017  0.895  0.001  0.002  0.001  0.007       10
  3:     0.427  0.002  0.002  0.399  0.138  0.002  0.028  0.002  0.001       42
  4:     0.859  0.004  0.001  0.016  0.102  0.003  0.012  0.001  0.002        6
  5:     0.202  0.002  0.008  0.143  0.303  0.004  0.332  0.004  0.002       20
  6:     0.013  0.002  0.003  0.018  0.019  0.001  0.002  0.837  0.105       76
  7:     0.002  0.002  0.007  0.002  0.004  0.003  0.006  0.377  0.597       16
  8:     0.008  0.004  0.943  0.004  0.005  0.005  0.004  0.007  0.020       27
  9:     0.008  0.015  0.091  0.010  0.007  0.855  0.004  0.006  0.004       10
 10:     0.031  0.543  0.122  0.022  0.004  0.265  0.004  0.006  0.004        8
--------------------------------------------

Allele-freq. divergence among pops (Net nucleotide distance),
computed using point estimates of P.

      1       2       3       4       5       6       7       8       9      
 1      -    0.1203  0.1178  0.1073  0.1186  0.1247  0.1003  0.1427  0.1458  
 2   0.1203     -    0.0894  0.0988  0.1387  0.0817  0.0892  0.0909  0.1087  
 3   0.1178  0.0894     -    0.1250  0.1503  0.0874  0.0882  0.0732  0.0973  
 4   0.1073  0.0988  0.1250     -    0.1136  0.1196  0.0792  0.1467  0.1507  
 5   0.1186  0.1387  0.1503  0.1136     -    0.1593  0.1127  0.1742  0.1669  
 6   0.1247  0.0817  0.0874  0.1196  0.1593     -    0.0947  0.1013  0.1199  
 7   0.1003  0.0892  0.0882  0.0792  0.1127  0.0947     -    0.1139  0.1229  
 8   0.1427  0.0909  0.0732  0.1467  0.1742  0.1013  0.1139     -    0.0751  
 9   0.1458  0.1087  0.0973  0.1507  0.1669  0.1199  0.1229  0.0751     -    

Average distances (expected heterozygosity) between individuals in same cluster:
cluster  1  : 0.5213 
cluster  2  : 0.7029 
cluster  3  : 0.6629 
cluster  4  : 0.6140 
cluster  5  : 0.5104 
cluster  6  : 0.6846 
cluster  7  : 0.6862 
cluster  8  : 0.6858 
cluster  9  : 0.6157 

--------------------------------------------
Estimated Ln Prob of Data   = -20186.7
Mean value of ln likelihood = -19398.6
Variance of ln likelihood   = 1576.1
Mean value of alpha         = 3.0996

Mean value of alpha_local for each location:
	location  1:  7.4191  0.0524  0.0496  0.2446  8.7356  0.0499  0.3747  0.0309  0.0744
	location  2:  0.1490  0.0163  0.0005  0.0143  2.2589  0.0100  0.0029  0.0172  0.1371
	location  3:  15.3366  0.0713  0.0945  13.9104  4.9221  0.0864  0.9124  0.0722  0.0374
	location  4:  8.1556  0.0942  0.0277  0.1492  1.0496  0.0406  0.1496  0.0344  0.0625
	location  5:  3.5131  0.0361  0.1679  2.3826  5.1114  0.0736  5.6048  0.0869  0.0492
	location  6:  0.0802  0.0145  0.0218  0.1009  0.0808  0.0115  0.0126  4.2437  0.5296
	location  7:  0.0555  0.0502  0.1139  0.0470  0.0741  0.0572  0.1020  5.1344  7.9729
	location  8:  0.0755  0.0338  6.0673  0.0404  0.0540  0.0429  0.0416  0.0618  0.1390
	location  9:  0.1515  0.2163  1.2390  0.2265  0.1392  11.0557  0.0820  0.0843  0.0539
	location 10:  0.1747  1.9207  0.6225  0.1133  0.0483  0.9381  0.0417  0.0470  0.0463

Mean value of Fst_1         = 0.2727
Mean value of Fst_2         = 0.1794
Mean value of Fst_3         = 0.1114
Mean value of Fst_4         = 0.2446
Mean value of Fst_5         = 0.2642
Mean value of Fst_6         = 0.1503
Mean value of Fst_7         = 0.2084
Mean value of Fst_8         = 0.1163
Mean value of Fst_9         = 0.2002

Mean value of r = 0.1281

Inferred ancestry of individuals:
        Label (%Miss) Pop:  Inferred clusters
  1   5SA037    (0)    8 :  0.002 0.003 0.981 0.001 0.002 0.002 0.002 0.002 0.005 
  2   5SA041    (0)    8 :  0.003 0.003 0.966 0.001 0.005 0.003 0.002 0.007 0.011 
  3   5SA042    (0)    8 :  0.018 0.004 0.938 0.002 0.012 0.005 0.009 0.004 0.008 
  4   5SA043    (0)    8 :  0.005 0.003 0.970 0.003 0.003 0.004 0.003 0.003 0.007 
  5   5SA059    (0)    8 :  0.007 0.003 0.955 0.002 0.002 0.011 0.004 0.006 0.010 
  6   5SA061    (0)    8 :  0.004 0.003 0.954 0.002 0.002 0.003 0.003 0.012 0.018 
  7   DED015    (0)    9 :  0.007 0.012 0.221 0.010 0.004 0.724 0.005 0.008 0.008 
  8   DED046    (0)    7 :  0.002 0.005 0.008 0.002 0.003 0.002 0.006 0.379 0.593 
  9   DED049    (0)    7 :  0.002 0.002 0.006 0.002 0.008 0.004 0.004 0.374 0.598 
 10   DED051    (0)    7 :  0.003 0.002 0.006 0.002 0.002 0.002 0.005 0.408 0.571 
 11   DED075    (0)    9 :  0.006 0.012 0.097 0.012 0.003 0.852 0.003 0.011 0.003 
 12   DJL286   (18)    1 :  0.501 0.002 0.002 0.008 0.462 0.002 0.019 0.001 0.003 
 13   DJL297    (0)    1 :  0.484 0.002 0.002 0.010 0.470 0.003 0.025 0.001 0.003 
 14   DJL868    (3)    6 :  0.006 0.003 0.005 0.003 0.003 0.001 0.001 0.914 0.065 
 15   DJL869    (0)    6 :  0.006 0.001 0.001 0.004 0.004 0.001 0.001 0.700 0.282 
 16   DJL870    (0)    6 :  0.007 0.001 0.002 0.005 0.003 0.001 0.001 0.908 0.072 
 17   DJL872    (0)    6 :  0.009 0.001 0.001 0.011 0.012 0.001 0.001 0.927 0.038 
 18   DJL878    (3)    6 :  0.003 0.001 0.003 0.007 0.003 0.001 0.001 0.777 0.204 
 19    DL902    (0)    6 :  0.019 0.003 0.003 0.063 0.029 0.006 0.003 0.835 0.038 
 20    DL912    (0)    6 :  0.006 0.002 0.001 0.015 0.005 0.001 0.001 0.933 0.036 
 21    DL914    (0)    6 :  0.020 0.001 0.003 0.010 0.031 0.001 0.001 0.841 0.092 
 22    DL915    (0)    6 :  0.010 0.001 0.002 0.006 0.004 0.001 0.001 0.784 0.191 
 23    DL916    (0)    7 :  0.002 0.004 0.005 0.004 0.003 0.002 0.005 0.389 0.588 
 24    DL924   (29)    1 :  0.396 0.003 0.008 0.017 0.543 0.003 0.019 0.002 0.010 
 25    DL925    (0)    1 :  0.377 0.002 0.002 0.009 0.585 0.002 0.018 0.001 0.005 
 26    DL944    (0)    8 :  0.004 0.006 0.969 0.002 0.002 0.003 0.002 0.004 0.008 
 27    DL957   (11)   10 :  0.025 0.179 0.076 0.005 0.003 0.701 0.005 0.003 0.003 
 28    DL958   (25)   10 :  0.123 0.261 0.094 0.019 0.005 0.485 0.005 0.004 0.005 
 29  ESP9057    (0)    1 :  0.416 0.001 0.002 0.010 0.537 0.002 0.029 0.001 0.002 
 30  ESP9064    (0)    3 :  0.492 0.002 0.002 0.365 0.110 0.002 0.025 0.001 0.001 
 31  ESP9070    (0)    1 :  0.371 0.001 0.001 0.009 0.597 0.001 0.016 0.001 0.002 
 32  ESP9085    (0)    6 :  0.007 0.001 0.002 0.005 0.004 0.001 0.001 0.917 0.062 
 33  ESP9092    (0)    6 :  0.003 0.001 0.001 0.004 0.003 0.000 0.001 0.888 0.098 
 34  ESP9101    (0)    6 :  0.038 0.001 0.003 0.012 0.011 0.002 0.001 0.846 0.087 
 35  ESP9104    (0)    6 :  0.003 0.001 0.001 0.005 0.004 0.001 0.001 0.899 0.087 
 36  ESP9111    (0)    6 :  0.003 0.001 0.002 0.007 0.003 0.001 0.001 0.954 0.029 
 37  ESP9120    (0)    6 :  0.005 0.001 0.001 0.005 0.006 0.001 0.001 0.938 0.043 
 38  ESP9137   (22)    6 :  0.055 0.002 0.002 0.096 0.184 0.001 0.005 0.619 0.035 
 39  ESP9143    (0)    6 :  0.158 0.002 0.002 0.106 0.132 0.001 0.037 0.508 0.052 
 40  ESP9147    (0)    6 :  0.003 0.001 0.001 0.004 0.005 0.001 0.000 0.922 0.063 
 41  ESP9149    (0)    6 :  0.003 0.001 0.002 0.004 0.003 0.001 0.000 0.933 0.053 
 42  ESP9152    (0)    6 :  0.004 0.013 0.001 0.005 0.005 0.001 0.001 0.910 0.060 
 43  ESP9174    (0)    5 :  0.144 0.002 0.011 0.132 0.368 0.003 0.331 0.005 0.004 
 44  ESP9179    (3)    4 :  0.756 0.005 0.001 0.016 0.207 0.002 0.008 0.001 0.003 
 45  ESP9186    (0)    5 :  0.237 0.001 0.007 0.192 0.282 0.003 0.272 0.004 0.002 
 46  ESP9196    (0)    5 :  0.222 0.002 0.007 0.140 0.240 0.009 0.373 0.004 0.002 
 47  ESP9197    (0)    5 :  0.219 0.001 0.004 0.116 0.351 0.002 0.303 0.003 0.001 
 48  ESP9208    (0)    5 :  0.143 0.002 0.018 0.105 0.229 0.007 0.488 0.003 0.004 
 49  ESP9231    (0)    5 :  0.194 0.001 0.006 0.206 0.271 0.002 0.316 0.003 0.002 
 50  ESP9232    (0)    5 :  0.184 0.001 0.007 0.150 0.160 0.007 0.485 0.004 0.003 
 51  ESP9245    (0)    7 :  0.002 0.002 0.003 0.001 0.002 0.002 0.004 0.327 0.656 
 52  ESP9252    (0)    7 :  0.001 0.002 0.007 0.001 0.002 0.004 0.004 0.337 0.642 
 53  ESP9258    (0)    7 :  0.002 0.002 0.005 0.001 0.004 0.002 0.003 0.369 0.613 
 54  ESP9261    (3)    4 :  0.849 0.003 0.001 0.006 0.128 0.002 0.008 0.001 0.002 
 55  ESP9264    (3)    4 :  0.900 0.004 0.001 0.019 0.059 0.001 0.013 0.001 0.002 
 56  ESP9273    (0)    4 :  0.918 0.003 0.001 0.005 0.055 0.009 0.005 0.001 0.002 
 57  ESP9275    (3)    4 :  0.835 0.008 0.001 0.011 0.118 0.002 0.022 0.001 0.002 
 58  ESP9279    (0)    5 :  0.253 0.004 0.011 0.069 0.394 0.002 0.260 0.006 0.002 
 59  ESP9311    (0)    5 :  0.187 0.001 0.014 0.193 0.382 0.006 0.211 0.005 0.002 
 60  ESP9325    (3)    3 :  0.386 0.001 0.002 0.388 0.196 0.002 0.024 0.001 0.001 
 61  ESP9326    (0)    6 :  0.040 0.002 0.003 0.019 0.012 0.003 0.002 0.639 0.280 
 62  ESP9330    (0)    6 :  0.030 0.001 0.005 0.007 0.011 0.001 0.001 0.642 0.303 
 63  ESP9331    (0)    6 :  0.004 0.002 0.010 0.006 0.115 0.001 0.002 0.548 0.312 
 64  ESP9340    (0)    6 :  0.005 0.001 0.006 0.010 0.003 0.005 0.001 0.762 0.206 
 65  ESP9349    (0)    6 :  0.008 0.001 0.003 0.020 0.005 0.001 0.001 0.882 0.078 
 66  ESP9350    (0)    6 :  0.005 0.001 0.004 0.007 0.008 0.001 0.001 0.658 0.315 
 67  ESP9351    (0)    6 :  0.005 0.002 0.003 0.004 0.003 0.001 0.001 0.774 0.208 
 68  ESP9357    (0)    6 :  0.004 0.001 0.001 0.006 0.007 0.001 0.001 0.923 0.056 
 69  ESP9417    (0)    5 :  0.171 0.001 0.005 0.127 0.326 0.004 0.355 0.009 0.002 
 70  ESP9438    (0)    6 :  0.004 0.001 0.001 0.004 0.004 0.000 0.000 0.955 0.030 
 71  ESP9451    (0)    6 :  0.017 0.001 0.002 0.017 0.024 0.002 0.001 0.855 0.081 
 72  ESP9479    (0)    1 :  0.458 0.002 0.002 0.017 0.497 0.002 0.019 0.001 0.002 
 73  ESP9480    (3)    1 :  0.532 0.002 0.001 0.011 0.422 0.001 0.028 0.001 0.002 
 74  ESP9485    (0)    1 :  0.412 0.002 0.001 0.013 0.553 0.002 0.014 0.001 0.002 
 75  ESP9486    (0)    1 :  0.367 0.003 0.003 0.020 0.575 0.002 0.025 0.001 0.003 
 76  ESP9495    (0)    7 :  0.003 0.002 0.017 0.002 0.002 0.004 0.005 0.563 0.402 
 77  ESP9557    (3)    2 :  0.031 0.001 0.000 0.001 0.955 0.000 0.000 0.002 0.010 
 78  ESP9601    (3)    6 :  0.004 0.001 0.006 0.004 0.006 0.001 0.001 0.931 0.046 
 79  ESP9606    (0)    1 :  0.559 0.001 0.001 0.008 0.410 0.001 0.017 0.001 0.002 
 80  ESP9616    (0)    6 :  0.013 0.001 0.001 0.010 0.024 0.001 0.001 0.903 0.045 
 81  ESP9620    (0)    6 :  0.049 0.002 0.002 0.011 0.006 0.002 0.001 0.766 0.162 
 82  ESP9621    (0)    6 :  0.024 0.020 0.013 0.020 0.015 0.005 0.003 0.719 0.181 
 83  ESP9642    (0)    3 :  0.375 0.001 0.002 0.479 0.116 0.002 0.023 0.001 0.001 
 84  ESP9643    (0)    3 :  0.442 0.001 0.002 0.411 0.123 0.001 0.018 0.001 0.001 
 85 LAF10486    (0)    6 :  0.022 0.006 0.002 0.064 0.081 0.001 0.006 0.767 0.051 
 86 LAF10487    (0)    6 :  0.017 0.001 0.003 0.218 0.007 0.001 0.004 0.717 0.033 
 87  LM51001    (0)    6 :  0.004 0.001 0.002 0.008 0.004 0.001 0.001 0.883 0.097 
 88  LM51002    (0)    6 :  0.003 0.001 0.002 0.003 0.004 0.001 0.000 0.818 0.168 
 89  LM51003    (0)    6 :  0.010 0.001 0.002 0.004 0.006 0.001 0.001 0.906 0.069 
 90  LM51004    (0)    6 :  0.004 0.002 0.003 0.008 0.003 0.001 0.002 0.940 0.037 
 91  LM51005    (0)    6 :  0.006 0.001 0.001 0.005 0.005 0.001 0.001 0.957 0.024 
 92  LM51007    (0)    6 :  0.066 0.009 0.002 0.010 0.371 0.004 0.036 0.468 0.035 
 93  LM51010    (0)    6 :  0.004 0.002 0.001 0.003 0.003 0.001 0.000 0.958 0.027 
 94  LM51011    (0)    6 :  0.004 0.001 0.001 0.004 0.003 0.001 0.000 0.941 0.046 
 95  LM51012    (0)    6 :  0.005 0.001 0.001 0.009 0.008 0.001 0.001 0.844 0.129 
 96   MTH270    (0)    5 :  0.210 0.001 0.008 0.150 0.247 0.003 0.375 0.003 0.002 
 97   MTH275    (0)    5 :  0.278 0.002 0.006 0.112 0.199 0.002 0.392 0.005 0.001 
 98   MTH276    (0)    5 :  0.174 0.001 0.005 0.105 0.393 0.003 0.312 0.004 0.002 
 99   MTH468    (3)    3 :  0.461 0.002 0.002 0.390 0.121 0.002 0.019 0.001 0.001 
100   MTH469    (0)    3 :  0.377 0.002 0.005 0.413 0.162 0.003 0.036 0.002 0.001 
101   MTH470    (0)    3 :  0.450 0.001 0.002 0.363 0.157 0.002 0.022 0.001 0.001 
102   MTH472    (0)    3 :  0.411 0.001 0.002 0.384 0.169 0.002 0.027 0.004 0.001 
103   MTH473    (3)    3 :  0.479 0.002 0.003 0.351 0.131 0.003 0.027 0.003 0.001 
104   MTH474    (0)    3 :  0.467 0.002 0.002 0.358 0.140 0.004 0.024 0.002 0.001 
105   MTH475    (0)    3 :  0.403 0.001 0.002 0.425 0.134 0.002 0.031 0.002 0.001 
106   MTH477    (0)    3 :  0.434 0.002 0.002 0.359 0.169 0.002 0.029 0.001 0.001 
107   MTH478    (3)    3 :  0.455 0.003 0.007 0.361 0.136 0.002 0.033 0.002 0.001 
108   MTH489    (3)    3 :  0.467 0.002 0.005 0.360 0.137 0.002 0.023 0.003 0.001 
109   MTH490    (3)    3 :  0.431 0.002 0.002 0.383 0.147 0.003 0.030 0.001 0.001 
110   MTH491   (22)    3 :  0.452 0.002 0.003 0.383 0.114 0.004 0.038 0.003 0.001 
111   MTH492    (0)    3 :  0.445 0.001 0.002 0.396 0.112 0.002 0.040 0.002 0.001 
112   MTH532    (0)    1 :  0.486 0.002 0.002 0.006 0.482 0.004 0.014 0.001 0.002 
113   MTH534    (3)    1 :  0.370 0.004 0.003 0.008 0.559 0.006 0.034 0.001 0.015 
114   MTH571    (0)    1 :  0.350 0.001 0.002 0.016 0.604 0.001 0.023 0.001 0.002 
115   MTH589    (3)    4 :  0.894 0.003 0.001 0.041 0.043 0.002 0.015 0.001 0.002 
116   NM1201    (0)    5 :  0.283 0.001 0.005 0.096 0.378 0.002 0.231 0.003 0.001 
117   NM1204    (3)    5 :  0.175 0.001 0.013 0.195 0.388 0.002 0.217 0.007 0.002 
118   NM1206    (0)    5 :  0.156 0.001 0.004 0.133 0.270 0.002 0.429 0.002 0.001 
119   NM1207    (0)    5 :  0.176 0.001 0.006 0.264 0.226 0.003 0.318 0.003 0.002 
120   NM1208    (0)    5 :  0.207 0.002 0.008 0.098 0.367 0.003 0.312 0.003 0.001 
121   NM1209    (0)    5 :  0.215 0.002 0.015 0.154 0.257 0.006 0.346 0.004 0.002 
122  NMG0361    (0)    6 :  0.004 0.001 0.002 0.005 0.004 0.001 0.001 0.929 0.053 
123  NMG0426    (0)    6 :  0.004 0.001 0.001 0.005 0.004 0.000 0.001 0.939 0.045 
124  NMG0779    (0)    6 :  0.036 0.001 0.001 0.084 0.006 0.001 0.004 0.790 0.075 
125  NMG0901    (0)    6 :  0.003 0.001 0.001 0.004 0.004 0.001 0.001 0.823 0.162 
126  NMG0902    (0)    6 :  0.006 0.001 0.002 0.022 0.006 0.001 0.001 0.915 0.047 
127  NMG0903    (0)    6 :  0.005 0.001 0.002 0.005 0.008 0.000 0.001 0.941 0.037 
128  NMG0904    (0)    6 :  0.007 0.001 0.002 0.012 0.010 0.001 0.001 0.933 0.033 
129   SAR002    (0)    3 :  0.390 0.002 0.002 0.456 0.097 0.003 0.049 0.002 0.001 
130   SAR003    (0)    3 :  0.472 0.003 0.002 0.366 0.131 0.003 0.021 0.002 0.001 
131   SAR004    (3)    3 :  0.405 0.002 0.003 0.390 0.163 0.004 0.030 0.002 0.001 
132   SAR019    (7)    3 :  0.329 0.001 0.002 0.496 0.149 0.002 0.019 0.001 0.001 
133   SAR021    (0)    1 :  0.389 0.003 0.002 0.024 0.550 0.002 0.024 0.001 0.005 
134   SAR023    (0)    1 :  0.408 0.002 0.001 0.006 0.567 0.001 0.011 0.001 0.002 
135   SAR024    (0)    1 :  0.463 0.001 0.001 0.012 0.498 0.001 0.021 0.001 0.002 
136   SAR027    (0)    1 :  0.540 0.002 0.001 0.009 0.429 0.002 0.012 0.001 0.004 
137   SAR028    (0)    1 :  0.327 0.002 0.003 0.060 0.577 0.003 0.024 0.001 0.004 
138   SAR030    (0)    1 :  0.547 0.001 0.001 0.009 0.415 0.001 0.021 0.001 0.002 
139   SAR050    (3)    3 :  0.403 0.002 0.002 0.433 0.137 0.002 0.020 0.001 0.001 
140   SAR054    (3)    3 :  0.306 0.001 0.002 0.547 0.123 0.002 0.019 0.001 0.001 
141   SAR200    (0)    3 :  0.397 0.002 0.003 0.426 0.137 0.002 0.030 0.002 0.001 
142   SAR204    (0)    6 :  0.003 0.001 0.001 0.003 0.004 0.000 0.000 0.954 0.034 
143   SAR206    (0)    6 :  0.005 0.021 0.003 0.009 0.005 0.013 0.002 0.880 0.062 
144   SAR208    (0)    6 :  0.008 0.002 0.002 0.008 0.024 0.002 0.002 0.910 0.042 
145   SAR210    (0)    6 :  0.006 0.001 0.001 0.005 0.005 0.001 0.001 0.939 0.042 
146   SAR218    (0)    3 :  0.504 0.001 0.002 0.349 0.117 0.002 0.020 0.003 0.001 
147   SAR224    (3)    2 :  0.008 0.001 0.000 0.001 0.983 0.001 0.000 0.001 0.006 
148   SAR226    (3)    2 :  0.021 0.001 0.000 0.001 0.971 0.000 0.000 0.001 0.005 
149   SAR227    (3)    2 :  0.033 0.001 0.000 0.001 0.957 0.002 0.000 0.001 0.005 
150   SAR229    (0)    2 :  0.011 0.001 0.000 0.001 0.980 0.000 0.000 0.001 0.005 
151   SAR252    (0)    6 :  0.009 0.001 0.001 0.004 0.003 0.002 0.001 0.835 0.144 
152   SAR253    (0)    6 :  0.005 0.001 0.002 0.006 0.007 0.001 0.001 0.838 0.141 
153   SAR254    (0)    6 :  0.005 0.002 0.013 0.025 0.004 0.002 0.001 0.901 0.047 
154   SAR255    (0)    6 :  0.011 0.001 0.003 0.004 0.019 0.001 0.002 0.899 0.060 
155   SAR256    (0)    6 :  0.013 0.001 0.002 0.041 0.008 0.002 0.002 0.862 0.069 
156   SAR259    (0)    7 :  0.005 0.006 0.007 0.004 0.003 0.005 0.010 0.369 0.591 
157   SAR261    (0)    7 :  0.002 0.002 0.006 0.001 0.007 0.001 0.010 0.318 0.652 
158   SAR262   (18)    7 :  0.003 0.002 0.007 0.002 0.009 0.008 0.005 0.332 0.632 
159   SAR264    (0)    7 :  0.002 0.002 0.004 0.001 0.002 0.002 0.004 0.293 0.690 
160   SAR265    (0)    7 :  0.002 0.001 0.005 0.001 0.002 0.002 0.003 0.429 0.555 
161   SAR266    (0)    7 :  0.004 0.002 0.007 0.003 0.003 0.004 0.015 0.237 0.726 
162   SAR307    (0)    3 :  0.504 0.001 0.002 0.327 0.136 0.002 0.027 0.001 0.001 
163   SAR348    (0)    6 :  0.003 0.002 0.001 0.004 0.003 0.000 0.001 0.929 0.057 
164   SAR351    (0)    6 :  0.004 0.001 0.002 0.003 0.003 0.001 0.000 0.960 0.025 
165   SAR355    (0)    6 :  0.006 0.001 0.003 0.005 0.003 0.001 0.001 0.939 0.042 
166   SAR356    (0)    6 :  0.028 0.007 0.003 0.014 0.004 0.002 0.002 0.839 0.102 
167   SAR361    (0)    1 :  0.458 0.002 0.003 0.012 0.499 0.003 0.016 0.001 0.005 
168   SAR379    (0)    6 :  0.007 0.001 0.002 0.004 0.006 0.000 0.001 0.853 0.126 
169   SAR381    (0)    7 :  0.002 0.002 0.008 0.002 0.003 0.002 0.004 0.550 0.427 
170   SAR383    (0)    6 :  0.003 0.001 0.003 0.010 0.004 0.001 0.001 0.766 0.210 
171  S5AR008    (3)    3 :  0.412 0.001 0.002 0.436 0.120 0.002 0.024 0.001 0.001 
172  S5AR009    (0)    3 :  0.390 0.002 0.003 0.447 0.115 0.002 0.039 0.001 0.001 
173 S5AR010.1    (3)    3 :  0.479 0.002 0.002 0.372 0.111 0.002 0.029 0.002 0.001 
174 S5AR010.2    (7)    3 :  0.393 0.002 0.002 0.450 0.128 0.002 0.022 0.001 0.001 
175  S5AR011    (0)    3 :  0.420 0.001 0.002 0.361 0.172 0.002 0.039 0.002 0.001 
176  S5AR012    (0)    3 :  0.366 0.003 0.003 0.414 0.179 0.002 0.030 0.002 0.001 
177  S5AR013    (3)    3 :  0.443 0.001 0.002 0.382 0.142 0.002 0.027 0.001 0.001 
178  S5AR030    (3)    3 :  0.432 0.002 0.003 0.414 0.100 0.003 0.044 0.002 0.001 
179  S5AR031    (3)    3 :  0.412 0.001 0.002 0.431 0.126 0.002 0.022 0.002 0.001 
180  S5AR032    (3)    3 :  0.455 0.002 0.002 0.369 0.138 0.002 0.028 0.003 0.001 
181  S5AR033    (0)    3 :  0.425 0.001 0.002 0.359 0.192 0.002 0.017 0.001 0.001 
182  S5AR034    (3)    3 :  0.408 0.002 0.002 0.396 0.160 0.002 0.028 0.001 0.001 
183 T5W510432    (3)    2 :  0.006 0.001 0.000 0.001 0.983 0.000 0.000 0.001 0.008 
184 T5W510433    (7)    2 :  0.012 0.001 0.000 0.005 0.973 0.001 0.000 0.001 0.007 
185 T5W510439    (0)    2 :  0.033 0.001 0.000 0.002 0.954 0.001 0.000 0.001 0.008 
186 T5W510440    (0)    2 :  0.009 0.001 0.000 0.002 0.979 0.000 0.000 0.002 0.006 
187 T5W510442    (0)    2 :  0.606 0.002 0.000 0.154 0.213 0.001 0.015 0.001 0.008 
188 T5W510450    (0)   10 :  0.042 0.725 0.047 0.018 0.010 0.131 0.006 0.013 0.008 
189 T5W510461    (0)    6 :  0.003 0.001 0.002 0.005 0.003 0.002 0.001 0.910 0.074 
190 T5W510491    (3)    5 :  0.215 0.002 0.006 0.117 0.335 0.002 0.319 0.003 0.001 
191 T5W510518    (0)    6 :  0.007 0.001 0.002 0.009 0.008 0.001 0.002 0.940 0.032 
192 T5W591345    (0)    6 :  0.012 0.002 0.003 0.006 0.008 0.001 0.001 0.655 0.313 
193 T5W591495    (0)    6 :  0.005 0.004 0.010 0.027 0.005 0.001 0.001 0.591 0.356 
194 T5W591497    (3)    3 :  0.479 0.001 0.002 0.350 0.134 0.001 0.030 0.001 0.001 
195 T5W591500    (0)    3 :  0.431 0.001 0.002 0.381 0.157 0.002 0.024 0.001 0.001 
196 T5W591501    (0)    3 :  0.397 0.003 0.003 0.446 0.113 0.006 0.029 0.003 0.001 
197 T5W592573    (0)    3 :  0.457 0.002 0.003 0.377 0.129 0.003 0.027 0.002 0.001 
198 T5W592574    (0)    6 :  0.008 0.002 0.009 0.006 0.004 0.002 0.001 0.929 0.041 
199 T5W592575    (0)    6 :  0.022 0.005 0.006 0.043 0.003 0.002 0.001 0.838 0.080 
200 T5W593505    (0)    1 :  0.375 0.004 0.004 0.022 0.550 0.002 0.037 0.003 0.002 
201 T5W593559    (0)    6 :  0.006 0.001 0.003 0.004 0.003 0.001 0.001 0.934 0.048 
202 T5W594831    (0)    6 :  0.016 0.004 0.003 0.102 0.038 0.001 0.002 0.785 0.049 
203  TJH2839    (0)   10 :  0.015 0.528 0.170 0.005 0.002 0.269 0.005 0.003 0.003 
204  TJH2840    (0)   10 :  0.014 0.715 0.103 0.106 0.006 0.046 0.004 0.003 0.003 
205  TJH2846    (0)   10 :  0.016 0.593 0.226 0.008 0.003 0.144 0.002 0.007 0.003 
206  TJH2880    (0)    9 :  0.006 0.012 0.072 0.007 0.004 0.888 0.004 0.005 0.002 
207  TJH2918    (0)    9 :  0.023 0.009 0.091 0.016 0.007 0.840 0.007 0.004 0.003 
208  TJH2927    (0)    9 :  0.009 0.029 0.061 0.010 0.004 0.876 0.005 0.006 0.002 
209  TJH2939    (0)    9 :  0.008 0.010 0.072 0.010 0.010 0.868 0.005 0.006 0.010 
210  TJH2963    (3)    8 :  0.016 0.001 0.962 0.002 0.002 0.002 0.002 0.007 0.005 
211  TJH2966    (0)    8 :  0.007 0.001 0.971 0.002 0.003 0.002 0.003 0.004 0.007 
212  TJH2971    (0)    8 :  0.003 0.002 0.961 0.001 0.002 0.003 0.002 0.005 0.022 
213  TJH2975    (0)    8 :  0.007 0.004 0.955 0.003 0.002 0.003 0.005 0.007 0.014 
214  TJH2984    (0)    8 :  0.004 0.003 0.956 0.003 0.019 0.002 0.004 0.003 0.006 
215  TJH2991    (0)    8 :  0.007 0.003 0.938 0.008 0.016 0.002 0.003 0.008 0.015 
216  TJH2993    (3)    8 :  0.006 0.003 0.860 0.002 0.004 0.004 0.002 0.008 0.111 
217  TJH2994    (0)    8 :  0.018 0.002 0.903 0.037 0.005 0.011 0.009 0.007 0.009 
218  TJH3000    (0)    8 :  0.004 0.006 0.893 0.003 0.004 0.009 0.003 0.030 0.049 
219  TJH3007    (0)    8 :  0.033 0.004 0.910 0.005 0.019 0.008 0.005 0.007 0.009 
220  TJH3011    (0)    8 :  0.007 0.002 0.961 0.005 0.004 0.004 0.003 0.004 0.011 
221  TJH3012    (0)    8 :  0.004 0.002 0.955 0.012 0.002 0.006 0.002 0.003 0.014 
222  TJH3019    (0)    8 :  0.005 0.003 0.958 0.002 0.002 0.002 0.001 0.013 0.014 
223  TJH3020    (0)    8 :  0.009 0.002 0.957 0.003 0.002 0.002 0.002 0.005 0.017 
224  TJH3025    (0)    8 :  0.004 0.002 0.966 0.002 0.002 0.002 0.002 0.007 0.013 
225  TJH3030    (0)    8 :  0.014 0.007 0.951 0.002 0.003 0.006 0.006 0.004 0.007 
226  TJH3033    (0)    8 :  0.004 0.001 0.979 0.002 0.002 0.002 0.002 0.003 0.007 
227  TJH3038    (0)    8 :  0.007 0.029 0.748 0.008 0.015 0.015 0.035 0.009 0.133 
228   TJH787   (29)    6 :  0.004 0.001 0.002 0.005 0.005 0.001 0.001 0.327 0.654 
229   TJH789   (29)    7 :  0.002 0.002 0.011 0.002 0.003 0.003 0.004 0.353 0.620 
230   TX1201    (0)    9 :  0.004 0.018 0.074 0.007 0.003 0.882 0.003 0.005 0.003 
231 TX2011012    (3)   10 :  0.008 0.606 0.142 0.007 0.002 0.229 0.001 0.003 0.002 
232 TX2011241    (0)   10 :  0.008 0.735 0.118 0.006 0.002 0.113 0.003 0.010 0.005 
233 TX2011252    (0)    8 :  0.008 0.002 0.967 0.002 0.004 0.003 0.003 0.005 0.006 
234 TX2011253    (0)    8 :  0.004 0.003 0.969 0.003 0.003 0.003 0.002 0.005 0.008 
235 TX2011285    (0)    9 :  0.005 0.017 0.055 0.006 0.005 0.905 0.003 0.003 0.002 
236 TX2011286    (0)    9 :  0.009 0.013 0.090 0.012 0.013 0.848 0.005 0.006 0.003 
237 TX2011287    (0)    9 :  0.007 0.019 0.074 0.011 0.011 0.870 0.004 0.003 0.002 


Estimated Allele Frequencies in each cluster
First column gives estimated ancestral frequencies


Locus 1 : 
4 alleles
0.0% missing data
 109   (0.532) 0.809 0.196 0.876 0.296 0.554 0.400 0.564 0.362 0.495 
 103   (0.104) 0.004 0.034 0.073 0.009 0.005 0.317 0.060 0.262 0.042 
 112   (0.336) 0.186 0.761 0.047 0.693 0.439 0.277 0.371 0.281 0.455 
 106   (0.028) 0.001 0.008 0.004 0.002 0.001 0.006 0.006 0.095 0.008 

Locus 2 : 
17 alleles
0.0% missing data
 185   (0.134) 0.040 0.060 0.592 0.206 0.023 0.085 0.058 0.185 0.244 
 217   (0.087) 0.018 0.059 0.098 0.133 0.025 0.117 0.021 0.082 0.031 
 221   (0.115) 0.160 0.069 0.113 0.111 0.019 0.164 0.085 0.077 0.172 
 213   (0.069) 0.045 0.145 0.038 0.047 0.029 0.020 0.141 0.015 0.039 
 225   (0.100) 0.086 0.145 0.091 0.095 0.259 0.047 0.047 0.026 0.168 
 229   (0.075) 0.159 0.148 0.011 0.021 0.207 0.045 0.050 0.013 0.158 
 193   (0.040) 0.002 0.014 0.005 0.006 0.005 0.009 0.076 0.378 0.055 
 233   (0.056) 0.186 0.021 0.007 0.040 0.137 0.190 0.053 0.007 0.008 
 201   (0.043) 0.062 0.016 0.006 0.035 0.014 0.009 0.222 0.021 0.006 
 197   (0.042) 0.002 0.109 0.006 0.003 0.002 0.133 0.009 0.151 0.008 
 241   (0.050) 0.014 0.082 0.007 0.023 0.085 0.115 0.025 0.007 0.007 
 237   (0.049) 0.125 0.032 0.007 0.013 0.095 0.030 0.026 0.013 0.009 
 209   (0.031) 0.004 0.011 0.004 0.112 0.003 0.006 0.039 0.013 0.007 
 205   (0.043) 0.088 0.015 0.006 0.019 0.026 0.009 0.077 0.007 0.082 
 245   (0.020) 0.004 0.007 0.003 0.002 0.056 0.004 0.034 0.001 0.002 
 189   (0.028) 0.003 0.061 0.005 0.003 0.013 0.013 0.032 0.003 0.004 
 249   (0.018) 0.002 0.006 0.002 0.131 0.001 0.004 0.004 0.001 0.002 

Locus 3 : 
11 alleles
0.0% missing data
 130   (0.022) 0.001 0.008 0.081 0.002 0.001 0.005 0.005 0.001 0.002 
 117   (0.179) 0.036 0.105 0.306 0.260 0.074 0.102 0.156 0.167 0.057 
 125   (0.152) 0.006 0.311 0.376 0.013 0.010 0.035 0.055 0.487 0.345 
 121   (0.456) 0.934 0.452 0.196 0.685 0.253 0.676 0.469 0.328 0.536 
 127   (0.019) 0.001 0.007 0.003 0.001 0.001 0.004 0.004 0.003 0.020 
 129   (0.025) 0.002 0.009 0.003 0.004 0.609 0.005 0.013 0.001 0.003 
 123   (0.036) 0.002 0.019 0.005 0.004 0.003 0.142 0.149 0.002 0.004 
 131   (0.033) 0.004 0.012 0.004 0.016 0.005 0.007 0.048 0.003 0.022 
 133   (0.030) 0.014 0.011 0.004 0.011 0.041 0.006 0.091 0.002 0.003 
 119   (0.028) 0.001 0.011 0.019 0.003 0.001 0.006 0.006 0.007 0.006 
 115   (0.020) 0.001 0.055 0.004 0.001 0.001 0.011 0.004 0.001 0.002 

Locus 4 : 
20 alleles
0.0% missing data
 132   (0.100) 0.010 0.115 0.327 0.032 0.007 0.085 0.200 0.244 0.044 
 136   (0.072) 0.017 0.046 0.128 0.007 0.058 0.129 0.045 0.060 0.020 
 138   (0.138) 0.250 0.412 0.183 0.025 0.237 0.139 0.038 0.125 0.162 
 140   (0.096) 0.113 0.042 0.040 0.072 0.253 0.121 0.061 0.136 0.076 
 134   (0.096) 0.135 0.108 0.099 0.055 0.019 0.031 0.032 0.166 0.305 
 122   (0.025) 0.001 0.015 0.004 0.002 0.014 0.074 0.005 0.001 0.003 
 146   (0.051) 0.020 0.069 0.008 0.008 0.100 0.015 0.115 0.010 0.123 
 142   (0.059) 0.029 0.023 0.013 0.015 0.057 0.013 0.281 0.069 0.073 
 144   (0.086) 0.084 0.062 0.038 0.032 0.138 0.136 0.037 0.073 0.089 
 120   (0.018) 0.001 0.006 0.002 0.001 0.001 0.004 0.003 0.048 0.002 
 152   (0.016) 0.022 0.006 0.002 0.003 0.017 0.004 0.005 0.001 0.002 
 130   (0.070) 0.030 0.026 0.125 0.181 0.007 0.105 0.036 0.026 0.036 
 112   (0.017) 0.001 0.010 0.002 0.001 0.001 0.110 0.003 0.001 0.002 
 128   (0.035) 0.265 0.012 0.011 0.513 0.003 0.008 0.026 0.002 0.004 
 116   (0.016) 0.001 0.006 0.002 0.001 0.001 0.003 0.003 0.007 0.003 
 148   (0.039) 0.006 0.014 0.005 0.033 0.069 0.008 0.021 0.017 0.044 
 126   (0.015) 0.001 0.009 0.002 0.001 0.001 0.003 0.003 0.006 0.004 
 124   (0.021) 0.015 0.007 0.003 0.013 0.017 0.005 0.049 0.001 0.002 
 154   (0.016) 0.001 0.006 0.002 0.001 0.001 0.003 0.003 0.007 0.004 
 150   (0.015) 0.002 0.005 0.002 0.003 0.002 0.004 0.033 0.001 0.002 

Locus 5 : 
25 alleles
3.0% missing data
 366   (0.129) 0.009 0.291 0.205 0.027 0.009 0.199 0.220 0.258 0.189 
 346   (0.022) 0.001 0.027 0.169 0.002 0.001 0.007 0.004 0.001 0.003 
 350   (0.032) 0.291 0.012 0.111 0.017 0.003 0.007 0.007 0.002 0.004 
 362   (0.128) 0.016 0.106 0.201 0.030 0.022 0.172 0.104 0.337 0.323 
 361   (0.031) 0.041 0.012 0.005 0.037 0.005 0.079 0.008 0.002 0.004 
 370   (0.100) 0.012 0.083 0.038 0.319 0.035 0.095 0.144 0.272 0.039 
 358   (0.072) 0.087 0.028 0.022 0.030 0.009 0.087 0.248 0.045 0.050 
 398   (0.019) 0.127 0.007 0.002 0.005 0.001 0.004 0.004 0.001 0.002 
 374   (0.048) 0.004 0.018 0.012 0.008 0.375 0.011 0.028 0.027 0.157 
 378   (0.069) 0.019 0.072 0.071 0.023 0.300 0.050 0.023 0.018 0.046 
 382   (0.017) 0.001 0.006 0.002 0.002 0.087 0.004 0.004 0.001 0.002 
 354   (0.081) 0.049 0.032 0.111 0.215 0.065 0.115 0.062 0.021 0.014 
 394   (0.019) 0.140 0.007 0.002 0.028 0.002 0.004 0.004 0.001 0.002 
 402   (0.019) 0.004 0.007 0.002 0.051 0.002 0.004 0.062 0.001 0.002 
 385   (0.017) 0.001 0.006 0.002 0.001 0.001 0.004 0.003 0.001 0.117 
 353   (0.019) 0.129 0.007 0.002 0.007 0.010 0.004 0.006 0.001 0.002 
 386   (0.017) 0.001 0.006 0.002 0.001 0.044 0.004 0.003 0.001 0.002 
 406   (0.019) 0.005 0.007 0.002 0.018 0.005 0.004 0.027 0.001 0.002 
 373   (0.015) 0.004 0.006 0.002 0.013 0.002 0.004 0.005 0.001 0.002 
 357   (0.025) 0.038 0.010 0.003 0.096 0.008 0.006 0.006 0.003 0.004 
 390   (0.017) 0.008 0.006 0.002 0.031 0.002 0.004 0.005 0.001 0.002 
 365   (0.039) 0.005 0.017 0.021 0.005 0.009 0.085 0.011 0.003 0.026 
 349   (0.015) 0.008 0.006 0.002 0.031 0.002 0.004 0.006 0.001 0.002 
 342   (0.016) 0.001 0.219 0.002 0.001 0.001 0.004 0.003 0.001 0.002 
 369   (0.015) 0.001 0.006 0.003 0.001 0.001 0.038 0.003 0.001 0.002 

Locus 6 : 
14 alleles
0.4% missing data
 117   (0.405) 0.234 0.260 0.640 0.162 0.904 0.519 0.342 0.573 0.621 
 137   (0.053) 0.003 0.022 0.056 0.006 0.004 0.037 0.042 0.035 0.013 
 135   (0.086) 0.298 0.070 0.053 0.024 0.009 0.020 0.033 0.234 0.036 
 133   (0.123) 0.133 0.365 0.094 0.090 0.007 0.030 0.040 0.089 0.275 
 143   (0.042) 0.002 0.017 0.072 0.006 0.004 0.145 0.028 0.002 0.005 
 123   (0.022) 0.207 0.008 0.003 0.010 0.002 0.005 0.005 0.001 0.002 
 129   (0.057) 0.029 0.020 0.007 0.159 0.043 0.012 0.043 0.047 0.009 
 139   (0.077) 0.016 0.143 0.025 0.008 0.013 0.199 0.369 0.010 0.025 
 141   (0.022) 0.031 0.008 0.003 0.069 0.002 0.005 0.016 0.001 0.002 
 145   (0.025) 0.006 0.009 0.003 0.425 0.002 0.005 0.026 0.002 0.003 
 131   (0.031) 0.034 0.058 0.006 0.024 0.006 0.010 0.010 0.002 0.003 
 149   (0.021) 0.006 0.007 0.003 0.015 0.004 0.004 0.038 0.001 0.002 
 127   (0.018) 0.001 0.007 0.017 0.001 0.001 0.004 0.004 0.001 0.002 
 147   (0.018) 0.001 0.006 0.018 0.001 0.001 0.004 0.004 0.001 0.002 

Locus 7 : 
17 alleles
0.4% missing data
 197   (0.214) 0.009 0.138 0.748 0.019 0.010 0.239 0.122 0.326 0.488 
 203   (0.141) 0.028 0.115 0.115 0.146 0.098 0.257 0.481 0.009 0.035 
 215   (0.052) 0.010 0.018 0.007 0.030 0.003 0.011 0.015 0.361 0.020 
 217   (0.035) 0.001 0.012 0.005 0.003 0.001 0.007 0.007 0.106 0.072 
 201   (0.042) 0.007 0.016 0.020 0.003 0.007 0.118 0.011 0.002 0.005 
 207   (0.123) 0.484 0.045 0.029 0.502 0.852 0.049 0.193 0.020 0.023 
 199   (0.105) 0.337 0.106 0.015 0.059 0.017 0.221 0.105 0.048 0.015 
 219   (0.026) 0.001 0.009 0.003 0.002 0.001 0.006 0.006 0.068 0.010 
 211   (0.041) 0.013 0.049 0.006 0.189 0.003 0.010 0.012 0.004 0.022 
 229   (0.024) 0.001 0.008 0.003 0.002 0.001 0.005 0.005 0.009 0.025 
 231   (0.020) 0.001 0.007 0.003 0.002 0.001 0.004 0.004 0.007 0.005 
 221   (0.023) 0.001 0.008 0.003 0.002 0.001 0.005 0.005 0.021 0.004 
 205   (0.041) 0.001 0.431 0.006 0.003 0.002 0.044 0.009 0.007 0.007 
 227   (0.023) 0.001 0.008 0.003 0.002 0.001 0.005 0.005 0.002 0.080 
 213   (0.031) 0.001 0.011 0.013 0.002 0.001 0.007 0.007 0.003 0.168 
 209   (0.037) 0.104 0.013 0.005 0.034 0.002 0.008 0.009 0.007 0.017 
 223   (0.021) 0.001 0.007 0.018 0.002 0.001 0.005 0.005 0.001 0.002 

Locus 8 : 
11 alleles
0.0% missing data
 242   (0.519) 0.916 0.269 0.704 0.157 0.129 0.415 0.301 0.687 0.926 
 245   (0.079) 0.003 0.203 0.078 0.006 0.123 0.469 0.017 0.004 0.008 
 251   (0.093) 0.048 0.077 0.069 0.336 0.686 0.021 0.103 0.005 0.009 
 233   (0.021) 0.001 0.008 0.003 0.001 0.001 0.004 0.005 0.003 0.018 
 239   (0.069) 0.005 0.027 0.022 0.016 0.005 0.043 0.017 0.266 0.011 
 260   (0.035) 0.006 0.014 0.005 0.032 0.009 0.007 0.011 0.017 0.005 
 257   (0.040) 0.008 0.014 0.005 0.147 0.004 0.008 0.395 0.002 0.004 
 254   (0.034) 0.002 0.013 0.004 0.005 0.035 0.007 0.059 0.004 0.005 
 243   (0.020) 0.001 0.007 0.003 0.003 0.002 0.004 0.042 0.001 0.002 
 248   (0.071) 0.008 0.361 0.105 0.295 0.006 0.016 0.046 0.004 0.007 
 236   (0.019) 0.001 0.007 0.002 0.001 0.001 0.004 0.004 0.007 0.004 

Locus 9 : 
13 alleles
0.0% missing data
 161   (0.173) 0.018 0.321 0.410 0.508 0.016 0.067 0.057 0.215 0.060 
 163   (0.111) 0.017 0.147 0.181 0.010 0.071 0.080 0.027 0.153 0.017 
 169   (0.249) 0.314 0.127 0.244 0.247 0.671 0.056 0.448 0.326 0.118 
 171   (0.059) 0.101 0.022 0.037 0.073 0.015 0.013 0.094 0.005 0.021 
 167   (0.076) 0.003 0.116 0.023 0.006 0.003 0.037 0.016 0.208 0.295 
 181   (0.028) 0.001 0.011 0.018 0.002 0.001 0.006 0.006 0.003 0.022 
 157   (0.027) 0.001 0.010 0.003 0.002 0.001 0.006 0.006 0.047 0.032 
 159   (0.085) 0.009 0.042 0.012 0.037 0.005 0.558 0.060 0.031 0.367 
 165   (0.085) 0.522 0.164 0.012 0.070 0.199 0.155 0.099 0.005 0.009 
 177   (0.029) 0.002 0.011 0.004 0.004 0.003 0.006 0.040 0.002 0.049 
 173   (0.038) 0.008 0.014 0.051 0.037 0.004 0.008 0.039 0.002 0.004 
 179   (0.020) 0.001 0.007 0.003 0.003 0.002 0.004 0.098 0.001 0.002 
 151   (0.020) 0.004 0.008 0.003 0.002 0.008 0.004 0.009 0.001 0.002 

Locus 10 : 
9 alleles
1.3% missing data
 206   (0.694) 0.986 0.372 0.717 0.971 0.982 0.652 0.733 0.426 0.947 
 209   (0.148) 0.007 0.280 0.260 0.015 0.010 0.084 0.200 0.310 0.037 
 215   (0.027) 0.001 0.047 0.004 0.002 0.001 0.194 0.005 0.001 0.003 
 203   (0.029) 0.001 0.010 0.004 0.002 0.001 0.006 0.006 0.257 0.004 
 197   (0.020) 0.002 0.007 0.003 0.004 0.002 0.005 0.039 0.001 0.002 
 212   (0.020) 0.001 0.068 0.003 0.002 0.001 0.007 0.004 0.001 0.002 
 223   (0.019) 0.001 0.068 0.003 0.001 0.001 0.007 0.004 0.001 0.002 
 220   (0.022) 0.001 0.141 0.003 0.002 0.001 0.008 0.004 0.001 0.002 
 218   (0.020) 0.001 0.008 0.003 0.002 0.001 0.036 0.004 0.001 0.002 

Locus 11 : 
15 alleles
0.4% missing data
 155   (0.112) 0.004 0.298 0.268 0.009 0.005 0.113 0.024 0.283 0.018 
 165   (0.252) 0.626 0.122 0.461 0.552 0.887 0.303 0.529 0.030 0.027 
 173   (0.086) 0.027 0.031 0.013 0.010 0.039 0.046 0.024 0.114 0.647 
 183   (0.034) 0.001 0.013 0.005 0.003 0.001 0.080 0.007 0.015 0.005 
 177   (0.093) 0.045 0.068 0.104 0.038 0.017 0.056 0.028 0.010 0.181 
 185   (0.051) 0.002 0.018 0.007 0.004 0.002 0.119 0.011 0.412 0.014 
 187   (0.050) 0.010 0.070 0.007 0.052 0.003 0.015 0.016 0.036 0.010 
 169   (0.020) 0.001 0.007 0.003 0.003 0.001 0.005 0.005 0.007 0.003 
 175   (0.071) 0.009 0.030 0.022 0.007 0.024 0.166 0.218 0.006 0.046 
 167   (0.069) 0.257 0.038 0.023 0.228 0.011 0.025 0.095 0.005 0.019 
 163   (0.021) 0.006 0.007 0.003 0.031 0.002 0.005 0.010 0.001 0.002 
 179   (0.031) 0.009 0.011 0.004 0.056 0.002 0.007 0.008 0.006 0.005 
 181   (0.040) 0.001 0.149 0.005 0.003 0.002 0.011 0.008 0.071 0.005 
 171   (0.032) 0.001 0.011 0.036 0.002 0.001 0.007 0.007 0.004 0.014 
 189   (0.040) 0.001 0.127 0.040 0.003 0.002 0.041 0.010 0.002 0.004 

Locus 12 : 
6 alleles
0.0% missing data
 165   (0.821) 0.982 0.915 0.633 0.926 0.989 0.854 0.438 0.894 0.968 
 167   (0.082) 0.010 0.051 0.275 0.031 0.005 0.021 0.019 0.101 0.022 
 169   (0.023) 0.001 0.008 0.082 0.002 0.001 0.005 0.004 0.001 0.002 
 171   (0.022) 0.001 0.008 0.003 0.002 0.001 0.109 0.004 0.001 0.002 
 173   (0.031) 0.005 0.011 0.004 0.038 0.003 0.007 0.399 0.002 0.003 
 161   (0.021) 0.001 0.007 0.003 0.002 0.001 0.004 0.136 0.001 0.002 

Locus 13 : 
8 alleles
1.3% missing data
 185   (0.040) 0.001 0.015 0.102 0.003 0.002 0.008 0.008 0.003 0.104 
 188   (0.592) 0.965 0.436 0.592 0.802 0.971 0.171 0.717 0.577 0.623 
 191   (0.089) 0.003 0.075 0.172 0.007 0.004 0.019 0.019 0.195 0.187 
 193   (0.023) 0.001 0.008 0.067 0.002 0.001 0.004 0.005 0.001 0.002 
 190   (0.192) 0.021 0.297 0.058 0.182 0.014 0.785 0.234 0.210 0.065 
 182   (0.022) 0.001 0.008 0.003 0.002 0.001 0.004 0.005 0.012 0.013 
 187   (0.021) 0.006 0.008 0.003 0.002 0.007 0.004 0.008 0.001 0.002 
 189   (0.022) 0.001 0.153 0.003 0.002 0.001 0.005 0.004 0.001 0.002 

Locus 14 : 
28 alleles
9.7% missing data
 396   (0.125) 0.066 0.180 0.310 0.098 0.165 0.185 0.033 0.195 0.188 
 408   (0.049) 0.019 0.019 0.052 0.007 0.209 0.012 0.044 0.079 0.017 
 407   (0.027) 0.001 0.010 0.017 0.002 0.001 0.006 0.005 0.031 0.045 
 400   (0.111) 0.036 0.319 0.137 0.031 0.353 0.029 0.321 0.165 0.211 
 410   (0.043) 0.003 0.017 0.039 0.005 0.003 0.040 0.086 0.018 0.076 
 388   (0.047) 0.005 0.018 0.114 0.009 0.004 0.057 0.072 0.042 0.010 
 421   (0.021) 0.002 0.008 0.003 0.002 0.079 0.005 0.004 0.002 0.019 
 404   (0.056) 0.238 0.021 0.035 0.013 0.043 0.014 0.026 0.170 0.041 
 395   (0.024) 0.032 0.009 0.003 0.002 0.001 0.374 0.005 0.001 0.003 
 414   (0.031) 0.006 0.013 0.005 0.284 0.002 0.035 0.007 0.015 0.009 
 418   (0.050) 0.181 0.019 0.035 0.024 0.011 0.012 0.220 0.055 0.008 
 412   (0.027) 0.013 0.013 0.004 0.007 0.010 0.007 0.078 0.012 0.008 
 406   (0.018) 0.001 0.006 0.002 0.002 0.001 0.004 0.003 0.026 0.011 
 430   (0.027) 0.160 0.010 0.004 0.008 0.004 0.006 0.010 0.020 0.005 
 392   (0.083) 0.040 0.075 0.168 0.068 0.035 0.085 0.021 0.033 0.284 
 422   (0.037) 0.107 0.014 0.017 0.013 0.006 0.009 0.012 0.060 0.007 
 393   (0.015) 0.003 0.006 0.002 0.005 0.002 0.004 0.006 0.004 0.004 
 444   (0.015) 0.014 0.007 0.002 0.002 0.003 0.004 0.004 0.001 0.002 
 403   (0.032) 0.011 0.012 0.015 0.045 0.002 0.008 0.009 0.019 0.014 
 411   (0.015) 0.001 0.006 0.002 0.001 0.001 0.004 0.003 0.012 0.011 
 399   (0.015) 0.001 0.006 0.002 0.001 0.001 0.004 0.003 0.005 0.010 
 426   (0.027) 0.031 0.011 0.016 0.360 0.003 0.007 0.007 0.003 0.005 
 439   (0.015) 0.016 0.006 0.002 0.002 0.017 0.003 0.005 0.001 0.002 
 434   (0.016) 0.008 0.006 0.002 0.002 0.009 0.004 0.004 0.001 0.002 
 384   (0.021) 0.001 0.071 0.004 0.002 0.001 0.014 0.004 0.006 0.005 
 416   (0.024) 0.001 0.009 0.003 0.002 0.033 0.006 0.004 0.021 0.003 
 415   (0.017) 0.001 0.041 0.004 0.001 0.001 0.057 0.003 0.001 0.002 
 423   (0.015) 0.001 0.067 0.003 0.001 0.001 0.007 0.003 0.001 0.002 

Locus 15 : 
11 alleles
1.3% missing data
 197   (0.385) 0.777 0.598 0.179 0.390 0.788 0.294 0.211 0.179 0.294 
 203   (0.024) 0.001 0.009 0.097 0.002 0.001 0.005 0.005 0.001 0.003 
 200   (0.109) 0.110 0.161 0.372 0.023 0.027 0.372 0.027 0.006 0.012 
 191   (0.081) 0.003 0.082 0.036 0.006 0.003 0.020 0.016 0.189 0.435 
 194   (0.220) 0.017 0.084 0.231 0.059 0.033 0.271 0.112 0.575 0.179 
 185   (0.028) 0.010 0.010 0.004 0.006 0.139 0.006 0.015 0.001 0.003 
 182   (0.059) 0.079 0.021 0.007 0.508 0.004 0.012 0.596 0.004 0.007 
 179   (0.024) 0.001 0.009 0.003 0.002 0.001 0.005 0.005 0.028 0.005 
 188   (0.025) 0.001 0.010 0.003 0.002 0.001 0.005 0.005 0.014 0.056 
 206   (0.023) 0.001 0.008 0.034 0.002 0.001 0.005 0.005 0.001 0.003 
 209   (0.022) 0.001 0.008 0.034 0.002 0.001 0.005 0.004 0.001 0.003 

Locus 16 : 
32 alleles
2.5% missing data
 378   (0.026) 0.004 0.010 0.129 0.012 0.002 0.006 0.150 0.001 0.003 
 398   (0.044) 0.024 0.018 0.047 0.017 0.261 0.010 0.021 0.070 0.008 
 409   (0.019) 0.001 0.008 0.018 0.001 0.002 0.004 0.004 0.004 0.015 
 374   (0.026) 0.001 0.080 0.097 0.002 0.001 0.008 0.005 0.007 0.006 
 386   (0.047) 0.190 0.066 0.052 0.021 0.015 0.013 0.091 0.022 0.013 
 371   (0.022) 0.004 0.009 0.083 0.010 0.002 0.005 0.007 0.001 0.002 
