

----------------------------------------------------
STRUCTURE by Pritchard, Stephens and Donnelly (2000)
     and Falush, Stephens and Pritchard (2003)
       Code by Pritchard, Falush and Hubisz
             Version 2.3.4 (Jul 2012)
----------------------------------------------------



Command line arguments:   ./structure -m mainparams -e extraparams -i lagartijas_STRUCTURE_fixed.txt -K 9 -D 23238 -o results/K9_rep1 
Input File:    lagartijas_STRUCTURE_fixed.txt

Run parameters:
   237 individuals
   27 loci
   9 populations assumed
   500000 Burn-in period
   1000000 Reps
LOCPRIOR model used


--------------------------------------------
Proportion of membership of each pre-defined
 population in each of the 9 clusters

Given    Inferred Clusters                                                 Number of
 Pop       1      2      3      4      5      6      7      8      9      Individuals

  1:     0.003  0.286  0.347  0.009  0.002  0.349  0.002  0.002  0.001       22
  2:     0.001  0.795  0.071  0.024  0.001  0.105  0.001  0.001  0.002       10
  3:     0.001  0.079  0.384  0.434  0.002  0.094  0.002  0.002  0.002       42
  4:     0.001  0.042  0.874  0.025  0.001  0.055  0.001  0.002  0.001        6
  5:     0.002  0.158  0.123  0.274  0.020  0.403  0.004  0.009  0.007       20
  6:     0.103  0.004  0.012  0.016  0.004  0.021  0.003  0.002  0.836       76
  7:     0.560  0.002  0.002  0.003  0.008  0.007  0.003  0.003  0.412       16
  8:     0.019  0.003  0.008  0.006  0.939  0.006  0.004  0.007  0.008       27
  9:     0.008  0.004  0.010  0.004  0.089  0.003  0.051  0.820  0.011       10
 10:     0.005  0.004  0.025  0.014  0.134  0.006  0.612  0.192  0.007        8
--------------------------------------------

Allele-freq. divergence among pops (Net nucleotide distance),
computed using point estimates of P.

      1       2       3       4       5       6       7       8       9      
 1      -    0.2001  0.1543  0.1417  0.0984  0.1121  0.1040  0.1242  0.0770  
 2   0.2001     -    0.1542  0.1343  0.1793  0.0898  0.1616  0.1914  0.2042  
 3   0.1543  0.1542     -    0.1067  0.1270  0.0679  0.1171  0.1374  0.1500  
 4   0.1417  0.1343  0.1067     -    0.1155  0.0688  0.0904  0.1137  0.1376  
 5   0.0984  0.1793  0.1270  0.1155     -    0.0937  0.0838  0.0919  0.0739  
 6   0.1121  0.0898  0.0679  0.0688  0.0937     -    0.0873  0.1052  0.1200  
 7   0.1040  0.1616  0.1171  0.0904  0.0838  0.0873     -    0.0765  0.0869  
 8   0.1242  0.1914  0.1374  0.1137  0.0919  0.1052  0.0765     -    0.1051  
 9   0.0770  0.2042  0.1500  0.1376  0.0739  0.1200  0.0869  0.1051     -    

Average distances (expected heterozygosity) between individuals in same cluster:
cluster  1  : 0.6149 
cluster  2  : 0.4544 
cluster  3  : 0.5051 
cluster  4  : 0.6348 
cluster  5  : 0.6619 
cluster  6  : 0.6176 
cluster  7  : 0.7101 
cluster  8  : 0.6794 
cluster  9  : 0.6850 

--------------------------------------------
Estimated Ln Prob of Data   = -20237.9
Mean value of ln likelihood = -19401.3
Variance of ln likelihood   = 1673.1
Mean value of alpha         = 2.4549

Mean value of alpha_local for each location:
	location  1:  0.0830  6.8211  8.3791  0.2196  0.0611  8.3276  0.0532  0.0551  0.0412
	location  2:  0.0195  1.5595  0.1570  0.0797  0.0154  0.3846  0.0135  0.0206  0.0260
	location  3:  0.0386  2.3966  11.2520  12.8983  0.0667  2.6744  0.0824  0.0532  0.0745
	location  4:  0.0310  0.4757  14.3648  0.3163  0.0158  0.9445  0.0144  0.0313  0.0183
	location  5:  0.0663  3.5341  2.8005  6.3165  0.4998  9.2236  0.1013  0.2178  0.1941
	location  6:  0.4390  0.0230  0.0687  0.0728  0.0259  0.0731  0.0190  0.0136  3.4806
	location  7:  11.6097  0.0662  0.0561  0.0961  0.1995  0.1775  0.0825  0.0707  9.0479
	location  8:  0.2067  0.0421  0.1038  0.0691  9.7313  0.0812  0.0544  0.0865  0.1120
	location  9:  0.1352  0.0904  0.1858  0.0830  1.2490  0.0709  1.0015  10.6397  0.1879
	location 10:  0.0953  0.0859  0.3205  0.1806  1.7731  0.1265  7.4761  2.1814  0.1313

Mean value of Fst_1         = 0.2086
Mean value of Fst_2         = 0.3789
Mean value of Fst_3         = 0.3160
Mean value of Fst_4         = 0.2013
Mean value of Fst_5         = 0.1130
Mean value of Fst_6         = 0.2085
Mean value of Fst_7         = 0.1627
Mean value of Fst_8         = 0.1680
Mean value of Fst_9         = 0.1177

Mean value of r = 0.1005

Inferred ancestry of individuals:
        Label (%Miss) Pop:  Inferred clusters
  1   5SA037    (0)    8 :  0.006 0.001 0.003 0.002 0.975 0.003 0.003 0.003 0.003 
  2   5SA041    (0)    8 :  0.014 0.003 0.004 0.002 0.957 0.004 0.004 0.004 0.009 
  3   5SA042    (0)    8 :  0.010 0.007 0.013 0.004 0.936 0.013 0.004 0.008 0.006 
  4   5SA043    (0)    8 :  0.009 0.002 0.005 0.005 0.961 0.004 0.003 0.007 0.005 
  5   5SA059    (0)    8 :  0.011 0.001 0.006 0.004 0.946 0.005 0.004 0.015 0.008 
  6   5SA061    (0)    8 :  0.018 0.002 0.005 0.002 0.947 0.003 0.003 0.005 0.014 
  7   DED015    (0)    9 :  0.016 0.003 0.008 0.004 0.211 0.003 0.046 0.694 0.016 
  8   DED046    (0)    7 :  0.547 0.002 0.002 0.004 0.009 0.006 0.005 0.002 0.425 
  9   DED049    (0)    7 :  0.562 0.005 0.001 0.003 0.007 0.006 0.003 0.003 0.410 
 10   DED051    (0)    7 :  0.541 0.001 0.002 0.003 0.007 0.006 0.003 0.002 0.436 
 11   DED075    (0)    9 :  0.006 0.002 0.008 0.004 0.093 0.002 0.040 0.826 0.020 
 12   DJL286   (18)    1 :  0.002 0.248 0.381 0.007 0.002 0.356 0.001 0.001 0.001 
 13   DJL297    (0)    1 :  0.003 0.259 0.363 0.007 0.002 0.362 0.002 0.002 0.001 
 14   DJL868    (3)    6 :  0.062 0.001 0.004 0.003 0.006 0.007 0.004 0.001 0.913 
 15   DJL869    (0)    6 :  0.294 0.001 0.005 0.003 0.002 0.006 0.001 0.001 0.687 
 16   DJL870    (0)    6 :  0.066 0.001 0.006 0.004 0.002 0.005 0.002 0.001 0.913 
 17   DJL872    (0)    6 :  0.034 0.004 0.009 0.008 0.002 0.007 0.002 0.001 0.934 
 18   DJL878    (3)    6 :  0.205 0.001 0.003 0.006 0.004 0.005 0.001 0.001 0.775 
 19    DL902    (0)    6 :  0.034 0.013 0.020 0.065 0.004 0.013 0.004 0.010 0.838 
 20    DL912    (0)    6 :  0.033 0.002 0.004 0.011 0.002 0.006 0.002 0.001 0.938 
 21    DL914    (0)    6 :  0.090 0.005 0.030 0.006 0.004 0.025 0.001 0.001 0.837 
 22    DL915    (0)    6 :  0.191 0.001 0.009 0.004 0.002 0.010 0.001 0.002 0.779 
 23    DL916    (0)    7 :  0.551 0.002 0.002 0.005 0.006 0.005 0.004 0.002 0.423 
 24    DL924   (29)    1 :  0.006 0.282 0.315 0.009 0.005 0.376 0.002 0.002 0.002 
 25    DL925    (0)    1 :  0.004 0.334 0.312 0.006 0.002 0.339 0.002 0.002 0.001 
 26    DL944    (0)    8 :  0.009 0.002 0.004 0.003 0.962 0.003 0.007 0.005 0.005 
 27    DL957   (11)   10 :  0.004 0.004 0.024 0.007 0.110 0.006 0.412 0.429 0.005 
 28    DL958   (25)   10 :  0.006 0.004 0.073 0.013 0.121 0.010 0.466 0.301 0.006 
 29  ESP9057    (0)    1 :  0.002 0.254 0.307 0.007 0.002 0.425 0.001 0.001 0.001 
 30  ESP9064    (0)    3 :  0.002 0.058 0.437 0.396 0.002 0.100 0.002 0.001 0.001 
 31  ESP9070    (0)    1 :  0.002 0.296 0.287 0.007 0.001 0.403 0.001 0.001 0.001 
 32  ESP9085    (0)    6 :  0.054 0.001 0.007 0.004 0.003 0.005 0.001 0.001 0.924 
 33  ESP9092    (0)    6 :  0.094 0.001 0.003 0.003 0.002 0.003 0.001 0.001 0.893 
 34  ESP9101    (0)    6 :  0.085 0.002 0.049 0.007 0.003 0.012 0.002 0.002 0.836 
 35  ESP9104    (0)    6 :  0.081 0.001 0.002 0.004 0.001 0.003 0.001 0.001 0.905 
 36  ESP9111    (0)    6 :  0.026 0.001 0.003 0.005 0.003 0.003 0.001 0.001 0.957 
 37  ESP9120    (0)    6 :  0.037 0.002 0.004 0.004 0.002 0.006 0.001 0.001 0.944 
 38  ESP9137   (22)    6 :  0.031 0.039 0.046 0.065 0.002 0.205 0.003 0.001 0.607 
 39  ESP9143    (0)    6 :  0.044 0.033 0.111 0.121 0.002 0.193 0.003 0.001 0.493 
 40  ESP9147    (0)    6 :  0.057 0.002 0.003 0.003 0.002 0.003 0.001 0.001 0.929 
 41  ESP9149    (0)    6 :  0.049 0.001 0.003 0.003 0.003 0.003 0.001 0.001 0.936 
 42  ESP9152    (0)    6 :  0.055 0.002 0.004 0.004 0.001 0.003 0.016 0.001 0.913 
 43  ESP9174    (0)    5 :  0.004 0.155 0.088 0.264 0.022 0.449 0.003 0.008 0.007 
 44  ESP9179    (3)    4 :  0.001 0.118 0.815 0.024 0.001 0.038 0.001 0.001 0.001 
 45  ESP9186    (0)    5 :  0.002 0.144 0.148 0.300 0.019 0.370 0.003 0.007 0.007 
 46  ESP9196    (0)    5 :  0.002 0.128 0.135 0.277 0.020 0.404 0.005 0.020 0.008 
 47  ESP9197    (0)    5 :  0.002 0.191 0.135 0.230 0.012 0.417 0.003 0.005 0.006 
 48  ESP9208    (0)    5 :  0.005 0.119 0.090 0.255 0.052 0.447 0.005 0.021 0.005 
 49  ESP9231    (0)    5 :  0.002 0.142 0.095 0.340 0.013 0.395 0.003 0.005 0.004 
 50  ESP9232    (0)    5 :  0.004 0.081 0.096 0.321 0.021 0.450 0.003 0.016 0.008 
 51  ESP9245    (0)    7 :  0.608 0.002 0.001 0.003 0.005 0.005 0.002 0.002 0.372 
 52  ESP9252    (0)    7 :  0.598 0.002 0.001 0.002 0.008 0.004 0.002 0.003 0.379 
 53  ESP9258    (0)    7 :  0.578 0.002 0.001 0.002 0.006 0.006 0.002 0.002 0.400 
 54  ESP9261    (3)    4 :  0.001 0.035 0.855 0.012 0.000 0.094 0.000 0.001 0.001 
 55  ESP9264    (3)    4 :  0.001 0.021 0.902 0.032 0.001 0.042 0.001 0.001 0.001 
 56  ESP9273    (0)    4 :  0.001 0.015 0.917 0.009 0.000 0.052 0.000 0.004 0.000 
 57  ESP9275    (3)    4 :  0.001 0.044 0.869 0.016 0.001 0.067 0.001 0.001 0.000 
 58  ESP9279    (0)    5 :  0.002 0.150 0.156 0.152 0.023 0.496 0.006 0.006 0.009 
 59  ESP9311    (0)    5 :  0.002 0.201 0.118 0.292 0.025 0.340 0.003 0.012 0.007 
 60  ESP9325    (3)    3 :  0.001 0.136 0.353 0.419 0.001 0.085 0.002 0.001 0.001 
 61  ESP9326    (0)    6 :  0.287 0.004 0.043 0.016 0.004 0.010 0.002 0.004 0.630 
 62  ESP9330    (0)    6 :  0.311 0.003 0.027 0.005 0.006 0.012 0.002 0.002 0.633 
 63  ESP9331    (0)    6 :  0.353 0.061 0.004 0.005 0.015 0.025 0.002 0.002 0.533 
 64  ESP9340    (0)    6 :  0.203 0.001 0.005 0.007 0.008 0.004 0.002 0.008 0.763 
 65  ESP9349    (0)    6 :  0.074 0.001 0.009 0.017 0.003 0.005 0.001 0.001 0.887 
 66  ESP9350    (0)    6 :  0.319 0.003 0.004 0.005 0.006 0.005 0.002 0.001 0.654 
 67  ESP9351    (0)    6 :  0.213 0.001 0.005 0.003 0.004 0.003 0.002 0.001 0.768 
 68  ESP9357    (0)    6 :  0.052 0.002 0.003 0.005 0.002 0.009 0.001 0.001 0.926 
 69  ESP9417    (0)    5 :  0.002 0.206 0.111 0.254 0.013 0.384 0.003 0.010 0.016 
 70  ESP9438    (0)    6 :  0.025 0.001 0.003 0.003 0.001 0.003 0.001 0.001 0.961 
 71  ESP9451    (0)    6 :  0.081 0.007 0.016 0.016 0.002 0.014 0.001 0.002 0.860 
 72  ESP9479    (0)    1 :  0.002 0.303 0.386 0.009 0.002 0.294 0.001 0.002 0.001 
 73  ESP9480    (3)    1 :  0.002 0.212 0.410 0.007 0.001 0.364 0.001 0.001 0.001 
 74  ESP9485    (0)    1 :  0.002 0.325 0.365 0.008 0.001 0.295 0.001 0.001 0.001 
 75  ESP9486    (0)    1 :  0.003 0.355 0.309 0.012 0.003 0.314 0.002 0.001 0.001 
 76  ESP9495    (0)    7 :  0.409 0.002 0.002 0.003 0.016 0.005 0.003 0.003 0.557 
 77  ESP9557    (3)    2 :  0.002 0.760 0.021 0.003 0.001 0.209 0.001 0.001 0.002 
 78  ESP9601    (3)    6 :  0.039 0.001 0.004 0.003 0.009 0.005 0.001 0.002 0.935 
 79  ESP9606    (0)    1 :  0.002 0.211 0.423 0.006 0.001 0.354 0.001 0.001 0.001 
 80  ESP9616    (0)    6 :  0.039 0.004 0.012 0.008 0.002 0.021 0.002 0.002 0.910 
 81  ESP9620    (0)    6 :  0.156 0.002 0.052 0.009 0.002 0.007 0.002 0.002 0.769 
 82  ESP9621    (0)    6 :  0.180 0.004 0.020 0.014 0.018 0.027 0.030 0.006 0.702 
 83  ESP9642    (0)    3 :  0.001 0.067 0.329 0.522 0.002 0.075 0.002 0.002 0.001 
 84  ESP9643    (0)    3 :  0.001 0.059 0.420 0.426 0.001 0.090 0.002 0.001 0.001 
 85 LAF10486    (0)    6 :  0.040 0.012 0.016 0.043 0.002 0.140 0.007 0.001 0.737 
 86 LAF10487    (0)    6 :  0.028 0.002 0.012 0.228 0.003 0.012 0.001 0.001 0.711 
 87  LM51001    (0)    6 :  0.092 0.001 0.003 0.007 0.002 0.004 0.001 0.001 0.889 
 88  LM51002    (0)    6 :  0.171 0.001 0.002 0.002 0.002 0.003 0.002 0.001 0.815 
 89  LM51003    (0)    6 :  0.068 0.002 0.012 0.003 0.003 0.007 0.002 0.001 0.904 
 90  LM51004    (0)    6 :  0.034 0.001 0.003 0.007 0.003 0.004 0.003 0.001 0.942 
 91  LM51005    (0)    6 :  0.020 0.001 0.004 0.004 0.002 0.005 0.001 0.001 0.961 
 92  LM51007    (0)    6 :  0.027 0.036 0.055 0.006 0.002 0.442 0.005 0.002 0.426 
 93  LM51010    (0)    6 :  0.023 0.001 0.004 0.002 0.001 0.002 0.003 0.001 0.962 
 94  LM51011    (0)    6 :  0.039 0.001 0.003 0.003 0.001 0.003 0.001 0.001 0.948 
 95  LM51012    (0)    6 :  0.115 0.002 0.005 0.007 0.002 0.009 0.001 0.001 0.859 
 96   MTH270    (0)    5 :  0.003 0.154 0.104 0.331 0.022 0.370 0.003 0.007 0.006 
 97   MTH275    (0)    5 :  0.002 0.114 0.170 0.281 0.021 0.386 0.006 0.008 0.012 
 98   MTH276    (0)    5 :  0.002 0.218 0.105 0.270 0.014 0.373 0.003 0.008 0.007 
 99   MTH468    (3)    3 :  0.001 0.067 0.433 0.419 0.002 0.073 0.002 0.001 0.002 
100   MTH469    (0)    3 :  0.001 0.098 0.325 0.452 0.004 0.112 0.003 0.002 0.002 
101   MTH470    (0)    3 :  0.001 0.108 0.397 0.400 0.001 0.088 0.002 0.001 0.002 
102   MTH472    (0)    3 :  0.001 0.076 0.360 0.416 0.001 0.139 0.002 0.001 0.004 
103   MTH473    (3)    3 :  0.001 0.076 0.451 0.384 0.002 0.078 0.003 0.002 0.004 
104   MTH474    (0)    3 :  0.001 0.086 0.443 0.386 0.002 0.075 0.003 0.003 0.002 
105   MTH475    (0)    3 :  0.001 0.078 0.369 0.465 0.002 0.081 0.002 0.001 0.002 
106   MTH477    (0)    3 :  0.001 0.114 0.403 0.380 0.002 0.095 0.002 0.001 0.002 
107   MTH478    (3)    3 :  0.001 0.071 0.396 0.402 0.006 0.116 0.004 0.001 0.002 
108   MTH489    (3)    3 :  0.001 0.081 0.438 0.387 0.004 0.081 0.002 0.001 0.004 
109   MTH490    (3)    3 :  0.001 0.082 0.379 0.412 0.002 0.118 0.002 0.002 0.002 
110   MTH491   (22)    3 :  0.002 0.062 0.403 0.430 0.002 0.093 0.002 0.003 0.003 
111   MTH492    (0)    3 :  0.001 0.062 0.378 0.454 0.001 0.099 0.002 0.001 0.002 
112   MTH532    (0)    1 :  0.002 0.274 0.384 0.005 0.002 0.327 0.001 0.004 0.001 
113   MTH534    (3)    1 :  0.009 0.266 0.303 0.006 0.002 0.407 0.002 0.003 0.001 
114   MTH571    (0)    1 :  0.002 0.362 0.270 0.010 0.002 0.352 0.001 0.001 0.001 
115   MTH589    (3)    4 :  0.001 0.016 0.884 0.059 0.001 0.038 0.000 0.001 0.001 
116   NM1201    (0)    5 :  0.002 0.197 0.199 0.187 0.012 0.389 0.003 0.006 0.005 
117   NM1204    (3)    5 :  0.002 0.204 0.116 0.276 0.024 0.358 0.003 0.006 0.011 
118   NM1206    (0)    5 :  0.002 0.136 0.094 0.290 0.012 0.453 0.003 0.006 0.004 
119   NM1207    (0)    5 :  0.002 0.125 0.111 0.396 0.016 0.332 0.003 0.009 0.006 
120   NM1208    (0)    5 :  0.002 0.208 0.125 0.210 0.017 0.422 0.004 0.007 0.005 
121   NM1209    (0)    5 :  0.002 0.116 0.138 0.299 0.031 0.390 0.004 0.012 0.008 
122  NMG0361    (0)    6 :  0.048 0.001 0.004 0.004 0.002 0.003 0.001 0.001 0.935 
123  NMG0426    (0)    6 :  0.040 0.001 0.004 0.004 0.002 0.004 0.001 0.000 0.944 
124  NMG0779    (0)    6 :  0.073 0.002 0.029 0.096 0.002 0.010 0.001 0.002 0.785 
125  NMG0901    (0)    6 :  0.159 0.001 0.003 0.003 0.002 0.004 0.001 0.001 0.826 
126  NMG0902    (0)    6 :  0.043 0.002 0.005 0.017 0.002 0.005 0.001 0.001 0.923 
127  NMG0903    (0)    6 :  0.033 0.003 0.004 0.004 0.003 0.006 0.001 0.001 0.946 
128  NMG0904    (0)    6 :  0.028 0.002 0.007 0.008 0.003 0.009 0.002 0.001 0.940 
129   SAR002    (0)    3 :  0.001 0.052 0.345 0.517 0.001 0.077 0.003 0.002 0.002 
130   SAR003    (0)    3 :  0.001 0.068 0.431 0.393 0.001 0.098 0.004 0.002 0.003 
131   SAR004    (3)    3 :  0.001 0.102 0.383 0.414 0.002 0.089 0.002 0.003 0.003 
132   SAR019    (7)    3 :  0.001 0.080 0.276 0.542 0.002 0.096 0.002 0.001 0.002 
133   SAR021    (0)    1 :  0.004 0.298 0.297 0.013 0.002 0.381 0.002 0.002 0.001 
134   SAR023    (0)    1 :  0.002 0.346 0.353 0.005 0.001 0.289 0.001 0.001 0.001 
135   SAR024    (0)    1 :  0.002 0.299 0.386 0.009 0.001 0.300 0.001 0.001 0.001 
136   SAR027    (0)    1 :  0.003 0.242 0.426 0.006 0.001 0.317 0.001 0.002 0.001 
137   SAR028    (0)    1 :  0.003 0.338 0.284 0.036 0.002 0.331 0.001 0.002 0.001 
138   SAR030    (0)    1 :  0.002 0.228 0.429 0.007 0.001 0.329 0.001 0.001 0.001 
139   SAR050    (3)    3 :  0.001 0.073 0.357 0.469 0.002 0.093 0.002 0.001 0.002 
140   SAR054    (3)    3 :  0.001 0.066 0.256 0.595 0.001 0.077 0.002 0.001 0.001 
141   SAR200    (0)    3 :  0.001 0.082 0.356 0.467 0.002 0.087 0.002 0.001 0.002 
142   SAR204    (0)    6 :  0.029 0.001 0.003 0.002 0.001 0.003 0.001 0.001 0.960 
143   SAR206    (0)    6 :  0.059 0.002 0.005 0.007 0.003 0.004 0.038 0.016 0.867 
144   SAR208    (0)    6 :  0.041 0.008 0.007 0.007 0.003 0.013 0.002 0.003 0.917 
145   SAR210    (0)    6 :  0.037 0.001 0.005 0.003 0.002 0.010 0.001 0.001 0.940 
146   SAR218    (0)    3 :  0.001 0.060 0.472 0.367 0.001 0.092 0.002 0.002 0.004 
147   SAR224    (3)    2 :  0.001 0.938 0.008 0.004 0.001 0.044 0.001 0.001 0.002 
148   SAR226    (3)    2 :  0.001 0.870 0.045 0.004 0.001 0.077 0.001 0.001 0.001 
149   SAR227    (3)    2 :  0.001 0.900 0.060 0.004 0.001 0.029 0.001 0.003 0.001 
150   SAR229    (0)    2 :  0.001 0.936 0.015 0.007 0.001 0.037 0.001 0.001 0.002 
151   SAR252    (0)    6 :  0.145 0.001 0.007 0.003 0.002 0.005 0.001 0.002 0.833 
152   SAR253    (0)    6 :  0.140 0.002 0.005 0.004 0.002 0.006 0.001 0.001 0.840 
153   SAR254    (0)    6 :  0.046 0.001 0.004 0.019 0.019 0.005 0.003 0.002 0.901 
154   SAR255    (0)    6 :  0.058 0.007 0.014 0.004 0.004 0.010 0.001 0.001 0.902 
155   SAR256    (0)    6 :  0.064 0.002 0.010 0.032 0.003 0.016 0.001 0.002 0.869 
156   SAR259    (0)    7 :  0.559 0.002 0.003 0.006 0.008 0.010 0.008 0.004 0.400 
157   SAR261    (0)    7 :  0.596 0.002 0.001 0.002 0.007 0.021 0.002 0.002 0.366 
158   SAR262   (18)    7 :  0.585 0.004 0.002 0.003 0.008 0.008 0.003 0.006 0.380 
159   SAR264    (0)    7 :  0.630 0.001 0.001 0.002 0.005 0.006 0.002 0.002 0.349 
160   SAR265    (0)    7 :  0.530 0.002 0.002 0.002 0.006 0.005 0.002 0.002 0.450 
161   SAR266    (0)    7 :  0.656 0.002 0.002 0.004 0.008 0.015 0.003 0.003 0.307 
162   SAR307    (0)    3 :  0.001 0.091 0.455 0.366 0.001 0.082 0.002 0.001 0.001 
163   SAR348    (0)    6 :  0.049 0.001 0.003 0.003 0.001 0.003 0.002 0.001 0.937 
164   SAR351    (0)    6 :  0.022 0.001 0.003 0.003 0.003 0.003 0.001 0.001 0.963 
165   SAR355    (0)    6 :  0.036 0.001 0.005 0.004 0.004 0.004 0.002 0.001 0.943 
166   SAR356    (0)    6 :  0.100 0.001 0.020 0.010 0.004 0.017 0.010 0.002 0.836 
167   SAR361    (0)    1 :  0.004 0.278 0.366 0.008 0.002 0.336 0.002 0.002 0.001 
168   SAR379    (0)    6 :  0.113 0.001 0.004 0.003 0.003 0.010 0.001 0.001 0.864 
169   SAR381    (0)    7 :  0.437 0.002 0.001 0.004 0.009 0.005 0.002 0.002 0.538 
170   SAR383    (0)    6 :  0.215 0.001 0.003 0.007 0.005 0.007 0.002 0.001 0.760 
171  S5AR008    (3)    3 :  0.001 0.069 0.372 0.479 0.002 0.073 0.002 0.001 0.002 
172  S5AR009    (0)    3 :  0.001 0.057 0.337 0.493 0.002 0.105 0.002 0.001 0.001 
173 S5AR010.1    (3)    3 :  0.001 0.060 0.435 0.400 0.002 0.097 0.002 0.002 0.002 
174 S5AR010.2    (7)    3 :  0.001 0.078 0.368 0.480 0.002 0.067 0.002 0.001 0.002 
175  S5AR011    (0)    3 :  0.002 0.099 0.362 0.401 0.002 0.130 0.002 0.001 0.002 
176  S5AR012    (0)    3 :  0.001 0.086 0.341 0.442 0.002 0.120 0.004 0.002 0.003 
177  S5AR013    (3)    3 :  0.001 0.080 0.385 0.420 0.002 0.109 0.002 0.001 0.001 
178  S5AR030    (3)    3 :  0.001 0.053 0.395 0.462 0.002 0.080 0.002 0.003 0.002 
179  S5AR031    (3)    3 :  0.001 0.063 0.364 0.467 0.002 0.097 0.002 0.001 0.003 
180  S5AR032    (3)    3 :  0.001 0.084 0.418 0.400 0.002 0.088 0.003 0.001 0.004 
181  S5AR033    (0)    3 :  0.001 0.162 0.389 0.378 0.002 0.064 0.002 0.001 0.002 
182  S5AR034    (3)    3 :  0.001 0.087 0.348 0.433 0.001 0.123 0.003 0.001 0.002 
183 T5W510432    (3)    2 :  0.001 0.961 0.007 0.005 0.001 0.023 0.001 0.001 0.001 
184 T5W510433    (7)    2 :  0.001 0.817 0.020 0.023 0.001 0.135 0.001 0.002 0.001 
185 T5W510439    (0)    2 :  0.001 0.809 0.038 0.011 0.001 0.135 0.001 0.001 0.002 
186 T5W510440    (0)    2 :  0.001 0.876 0.014 0.011 0.001 0.093 0.001 0.001 0.003 
187 T5W510442    (0)    2 :  0.001 0.084 0.479 0.164 0.003 0.266 0.001 0.002 0.001 
188 T5W510450    (0)   10 :  0.009 0.009 0.037 0.014 0.073 0.007 0.709 0.128 0.014 
189 T5W510461    (0)    6 :  0.072 0.001 0.002 0.004 0.003 0.003 0.001 0.003 0.911 
190 T5W510491    (3)    5 :  0.002 0.180 0.115 0.243 0.016 0.429 0.004 0.007 0.005 
191 T5W510518    (0)    6 :  0.027 0.002 0.005 0.007 0.002 0.011 0.001 0.001 0.943 
192 T5W591345    (0)    6 :  0.315 0.003 0.014 0.005 0.003 0.005 0.003 0.001 0.652 
193 T5W591495    (0)    6 :  0.377 0.001 0.005 0.021 0.012 0.005 0.005 0.001 0.572 
194 T5W591497    (3)    3 :  0.001 0.064 0.408 0.390 0.001 0.132 0.002 0.001 0.001 
195 T5W591500    (0)    3 :  0.001 0.096 0.390 0.414 0.002 0.092 0.002 0.001 0.001 
196 T5W591501    (0)    3 :  0.001 0.062 0.368 0.485 0.002 0.070 0.004 0.005 0.003 
197 T5W592573    (0)    3 :  0.002 0.067 0.403 0.418 0.003 0.101 0.002 0.002 0.002 
198 T5W592574    (0)    6 :  0.036 0.001 0.007 0.005 0.015 0.004 0.003 0.002 0.927 
199 T5W592575    (0)    6 :  0.078 0.001 0.039 0.030 0.008 0.005 0.008 0.002 0.830 
200 T5W593505    (0)    1 :  0.002 0.273 0.285 0.013 0.003 0.418 0.003 0.002 0.002 
201 T5W593559    (0)    6 :  0.042 0.001 0.006 0.003 0.004 0.004 0.001 0.001 0.939 
202 T5W594831    (0)    6 :  0.047 0.008 0.018 0.088 0.004 0.052 0.006 0.001 0.777 
203  TJH2839    (0)   10 :  0.004 0.003 0.015 0.006 0.165 0.007 0.598 0.198 0.005 
204  TJH2840    (0)   10 :  0.004 0.007 0.016 0.051 0.128 0.007 0.712 0.069 0.005 
205  TJH2846    (0)   10 :  0.004 0.003 0.017 0.007 0.197 0.005 0.629 0.129 0.009 
206  TJH2880    (0)    9 :  0.004 0.003 0.007 0.003 0.070 0.002 0.051 0.851 0.009 
207  TJH2918    (0)    9 :  0.007 0.004 0.026 0.007 0.092 0.005 0.036 0.816 0.008 
208  TJH2927    (0)    9 :  0.004 0.002 0.010 0.004 0.057 0.003 0.080 0.827 0.012 
209  TJH2939    (0)    9 :  0.018 0.007 0.010 0.004 0.071 0.004 0.038 0.835 0.013 
210  TJH2963    (3)    8 :  0.007 0.001 0.014 0.003 0.956 0.003 0.002 0.004 0.009 
211  TJH2966    (0)    8 :  0.009 0.002 0.006 0.003 0.965 0.004 0.002 0.003 0.006 
212  TJH2971    (0)    8 :  0.023 0.001 0.004 0.002 0.954 0.002 0.002 0.005 0.007 
213  TJH2975    (0)    8 :  0.016 0.001 0.005 0.006 0.948 0.005 0.005 0.005 0.009 
214  TJH2984    (0)    8 :  0.008 0.010 0.005 0.004 0.953 0.009 0.004 0.004 0.004 
215  TJH2991    (0)    8 :  0.017 0.014 0.009 0.008 0.931 0.004 0.003 0.003 0.010 
216  TJH2993    (3)    8 :  0.088 0.002 0.006 0.003 0.876 0.005 0.004 0.006 0.010 
217  TJH2994    (0)    8 :  0.011 0.004 0.019 0.037 0.896 0.005 0.003 0.016 0.009 
218  TJH3000    (0)    8 :  0.045 0.002 0.005 0.005 0.892 0.004 0.006 0.013 0.028 
219  TJH3007    (0)    8 :  0.011 0.011 0.030 0.006 0.908 0.009 0.005 0.012 0.008 
220  TJH3011    (0)    8 :  0.013 0.002 0.007 0.007 0.952 0.004 0.003 0.007 0.006 
221  TJH3012    (0)    8 :  0.016 0.001 0.006 0.012 0.947 0.003 0.003 0.008 0.005 
222  TJH3019    (0)    8 :  0.015 0.001 0.006 0.002 0.951 0.002 0.003 0.003 0.016 
223  TJH3020    (0)    8 :  0.019 0.001 0.009 0.004 0.950 0.004 0.003 0.003 0.007 
224  TJH3025    (0)    8 :  0.014 0.001 0.005 0.003 0.959 0.003 0.002 0.004 0.009 
225  TJH3030    (0)    8 :  0.008 0.002 0.013 0.003 0.944 0.009 0.008 0.008 0.005 
226  TJH3033    (0)    8 :  0.009 0.001 0.004 0.002 0.972 0.003 0.002 0.003 0.004 
227  TJH3038    (0)    8 :  0.100 0.004 0.006 0.011 0.784 0.044 0.020 0.020 0.012 
228   TJH787   (29)    6 :  0.678 0.001 0.004 0.004 0.002 0.005 0.001 0.001 0.303 
229   TJH789   (29)    7 :  0.577 0.002 0.002 0.003 0.010 0.005 0.003 0.003 0.395 
230   TX1201    (0)    9 :  0.006 0.002 0.005 0.002 0.075 0.002 0.062 0.835 0.010 
231 TX2011012    (3)   10 :  0.003 0.002 0.011 0.007 0.145 0.004 0.645 0.179 0.005 
232 TX2011241    (0)   10 :  0.005 0.002 0.010 0.006 0.132 0.004 0.726 0.105 0.011 
233 TX2011252    (0)    8 :  0.008 0.003 0.007 0.003 0.959 0.006 0.003 0.006 0.006 
234 TX2011253    (0)    8 :  0.010 0.002 0.004 0.004 0.961 0.004 0.003 0.005 0.007 
235 TX2011285    (0)    9 :  0.004 0.004 0.006 0.002 0.055 0.002 0.050 0.871 0.005 
236 TX2011286    (0)    9 :  0.007 0.010 0.013 0.004 0.090 0.004 0.047 0.814 0.012 
237 TX2011287    (0)    9 :  0.005 0.008 0.009 0.004 0.073 0.003 0.059 0.834 0.006 


Estimated Allele Frequencies in each cluster
First column gives estimated ancestral frequencies


Locus 1 : 
4 alleles
0.0% missing data
 109   (0.537) 0.511 0.538 0.783 0.355 0.879 0.648 0.233 0.377 0.356 
 103   (0.097) 0.037 0.004 0.004 0.011 0.071 0.019 0.034 0.351 0.262 
 112   (0.338) 0.444 0.456 0.213 0.632 0.047 0.330 0.725 0.266 0.288 
 106   (0.027) 0.008 0.001 0.001 0.002 0.003 0.002 0.008 0.006 0.094 

Locus 2 : 
17 alleles
0.0% missing data
 185   (0.133) 0.228 0.014 0.042 0.175 0.593 0.049 0.063 0.082 0.189 
 217   (0.088) 0.029 0.023 0.023 0.111 0.096 0.020 0.061 0.126 0.083 
 221   (0.118) 0.184 0.013 0.161 0.124 0.113 0.062 0.071 0.176 0.074 
 213   (0.067) 0.036 0.012 0.022 0.067 0.038 0.105 0.129 0.019 0.015 
 225   (0.102) 0.184 0.332 0.132 0.077 0.092 0.052 0.126 0.049 0.024 
 229   (0.075) 0.162 0.258 0.203 0.023 0.011 0.055 0.127 0.046 0.014 
 193   (0.039) 0.044 0.005 0.002 0.011 0.005 0.022 0.014 0.009 0.379 
 233   (0.058) 0.008 0.077 0.191 0.044 0.008 0.155 0.021 0.217 0.007 
 201   (0.039) 0.005 0.006 0.018 0.074 0.005 0.145 0.014 0.008 0.021 
 197   (0.043) 0.008 0.002 0.002 0.003 0.006 0.004 0.138 0.109 0.149 
 241   (0.052) 0.007 0.110 0.016 0.027 0.007 0.024 0.102 0.102 0.007 
 237   (0.050) 0.009 0.126 0.148 0.016 0.007 0.025 0.042 0.022 0.014 
 209   (0.030) 0.006 0.002 0.003 0.101 0.004 0.015 0.011 0.006 0.013 
 205   (0.042) 0.082 0.009 0.031 0.030 0.005 0.143 0.015 0.009 0.008 
 245   (0.019) 0.002 0.008 0.003 0.002 0.002 0.088 0.006 0.004 0.001 
 189   (0.026) 0.003 0.003 0.002 0.003 0.005 0.034 0.055 0.011 0.002 
 249   (0.018) 0.002 0.001 0.002 0.110 0.002 0.002 0.006 0.004 0.001 

Locus 3 : 
11 alleles
0.0% missing data
 130   (0.023) 0.002 0.001 0.001 0.002 0.080 0.002 0.008 0.005 0.001 
 117   (0.181) 0.058 0.026 0.033 0.239 0.307 0.138 0.101 0.109 0.166 
 125   (0.149) 0.328 0.007 0.005 0.014 0.378 0.023 0.273 0.034 0.492 
 121   (0.453) 0.550 0.070 0.948 0.674 0.193 0.650 0.483 0.668 0.323 
 127   (0.020) 0.021 0.001 0.001 0.002 0.003 0.002 0.007 0.004 0.003 
 129   (0.026) 0.003 0.878 0.002 0.007 0.003 0.019 0.009 0.005 0.001 
 123   (0.041) 0.004 0.004 0.002 0.019 0.006 0.043 0.035 0.147 0.002 
 131   (0.032) 0.023 0.003 0.003 0.024 0.004 0.016 0.012 0.007 0.003 
 133   (0.026) 0.003 0.008 0.004 0.014 0.003 0.104 0.009 0.005 0.001 
 119   (0.029) 0.006 0.001 0.001 0.003 0.020 0.003 0.011 0.006 0.007 
 115   (0.020) 0.002 0.001 0.001 0.002 0.004 0.002 0.052 0.009 0.001 

Locus 4 : 
20 alleles
0.0% missing data
 132   (0.096) 0.041 0.007 0.008 0.057 0.332 0.047 0.100 0.093 0.244 
 136   (0.071) 0.019 0.021 0.009 0.007 0.128 0.092 0.048 0.135 0.059 
 138   (0.137) 0.163 0.336 0.316 0.025 0.181 0.032 0.380 0.127 0.129 
 140   (0.106) 0.077 0.281 0.096 0.087 0.041 0.140 0.060 0.118 0.136 
 134   (0.102) 0.300 0.014 0.122 0.060 0.099 0.057 0.113 0.029 0.168 
 122   (0.025) 0.003 0.021 0.002 0.002 0.004 0.003 0.029 0.064 0.001 
 146   (0.047) 0.126 0.037 0.008 0.009 0.007 0.167 0.063 0.014 0.010 
 142   (0.048) 0.065 0.010 0.008 0.016 0.012 0.241 0.018 0.011 0.067 
 144   (0.092) 0.096 0.148 0.086 0.035 0.038 0.078 0.066 0.146 0.072 
 120   (0.018) 0.002 0.001 0.001 0.001 0.002 0.002 0.006 0.004 0.047 
 152   (0.018) 0.002 0.012 0.018 0.003 0.002 0.024 0.006 0.004 0.001 
 130   (0.071) 0.039 0.006 0.027 0.161 0.124 0.020 0.029 0.118 0.025 
 112   (0.018) 0.002 0.001 0.001 0.001 0.002 0.001 0.024 0.104 0.001 
 128   (0.034) 0.004 0.003 0.285 0.474 0.011 0.010 0.012 0.008 0.002 
 116   (0.015) 0.003 0.001 0.001 0.001 0.002 0.001 0.005 0.003 0.007 
 148   (0.039) 0.047 0.092 0.006 0.041 0.005 0.016 0.014 0.009 0.017 
 126   (0.015) 0.004 0.001 0.001 0.001 0.002 0.001 0.009 0.003 0.006 
 124   (0.017) 0.002 0.009 0.005 0.012 0.002 0.055 0.006 0.004 0.001 
 154   (0.014) 0.004 0.001 0.001 0.001 0.002 0.001 0.005 0.003 0.006 
 150   (0.016) 0.002 0.002 0.002 0.007 0.003 0.011 0.006 0.005 0.001 

Locus 5 : 
25 alleles
3.0% missing data
 366   (0.125) 0.188 0.009 0.007 0.055 0.208 0.071 0.327 0.163 0.257 
 346   (0.021) 0.003 0.001 0.001 0.002 0.169 0.002 0.022 0.006 0.001 
 350   (0.033) 0.004 0.003 0.333 0.013 0.110 0.006 0.011 0.007 0.002 
 362   (0.121) 0.309 0.013 0.010 0.037 0.200 0.069 0.104 0.173 0.338 
 361   (0.031) 0.004 0.004 0.042 0.033 0.005 0.012 0.013 0.084 0.002 
 370   (0.093) 0.034 0.026 0.009 0.303 0.037 0.056 0.078 0.099 0.272 
 358   (0.071) 0.052 0.006 0.057 0.064 0.022 0.145 0.028 0.096 0.044 
 398   (0.018) 0.002 0.001 0.145 0.005 0.002 0.003 0.006 0.004 0.001 
 374   (0.058) 0.160 0.336 0.005 0.011 0.015 0.225 0.021 0.013 0.029 
 378   (0.075) 0.051 0.348 0.023 0.026 0.072 0.104 0.068 0.052 0.018 
 382   (0.018) 0.002 0.134 0.001 0.002 0.002 0.007 0.006 0.004 0.001 
 354   (0.076) 0.013 0.013 0.023 0.181 0.109 0.159 0.031 0.124 0.019 
 394   (0.020) 0.002 0.001 0.161 0.023 0.003 0.003 0.007 0.004 0.001 
 402   (0.019) 0.002 0.001 0.002 0.064 0.002 0.019 0.007 0.004 0.001 
 385   (0.017) 0.124 0.001 0.001 0.001 0.002 0.002 0.006 0.004 0.001 
 353   (0.021) 0.003 0.007 0.111 0.012 0.003 0.048 0.007 0.005 0.001 
 386   (0.016) 0.002 0.072 0.001 0.001 0.002 0.002 0.005 0.003 0.001 
 406   (0.017) 0.002 0.003 0.003 0.022 0.002 0.015 0.006 0.004 0.001 
 373   (0.016) 0.002 0.002 0.004 0.012 0.002 0.004 0.006 0.004 0.001 
 357   (0.026) 0.004 0.005 0.043 0.071 0.003 0.021 0.010 0.006 0.003 
 390   (0.017) 0.002 0.002 0.007 0.027 0.002 0.006 0.006 0.004 0.001 
 365   (0.039) 0.027 0.007 0.004 0.004 0.020 0.015 0.019 0.090 0.003 
 349   (0.018) 0.002 0.002 0.008 0.027 0.002 0.004 0.007 0.004 0.001 
 342   (0.017) 0.002 0.001 0.001 0.001 0.002 0.002 0.191 0.005 0.001 
 369   (0.015) 0.002 0.001 0.001 0.001 0.003 0.001 0.009 0.039 0.001 

Locus 6 : 
14 alleles
0.4% missing data
 117   (0.414) 0.613 0.910 0.188 0.192 0.640 0.659 0.264 0.547 0.579 
 137   (0.053) 0.013 0.004 0.003 0.008 0.058 0.015 0.024 0.038 0.034 
 135   (0.089) 0.038 0.007 0.327 0.027 0.053 0.032 0.064 0.021 0.232 
 133   (0.122) 0.283 0.007 0.151 0.083 0.093 0.018 0.324 0.029 0.090 
 143   (0.041) 0.005 0.003 0.002 0.007 0.074 0.009 0.025 0.150 0.002 
 123   (0.022) 0.002 0.002 0.236 0.009 0.003 0.004 0.007 0.004 0.001 
 129   (0.054) 0.008 0.049 0.018 0.167 0.007 0.025 0.019 0.011 0.047 
 139   (0.070) 0.023 0.005 0.012 0.014 0.024 0.184 0.184 0.168 0.007 
 141   (0.023) 0.002 0.001 0.019 0.078 0.003 0.012 0.008 0.005 0.001 
 145   (0.024) 0.003 0.001 0.004 0.370 0.003 0.011 0.008 0.005 0.002 
 131   (0.032) 0.003 0.007 0.036 0.021 0.005 0.012 0.053 0.010 0.002 
 149   (0.020) 0.002 0.003 0.004 0.021 0.003 0.015 0.007 0.004 0.001 
 127   (0.017) 0.002 0.001 0.001 0.001 0.017 0.002 0.006 0.004 0.001 
 147   (0.018) 0.002 0.001 0.001 0.001 0.017 0.002 0.006 0.004 0.001 

Locus 7 : 
17 alleles
0.4% missing data
 197   (0.204) 0.482 0.009 0.008 0.024 0.750 0.034 0.133 0.240 0.328 
 203   (0.131) 0.033 0.060 0.016 0.189 0.115 0.241 0.108 0.277 0.008 
 215   (0.052) 0.017 0.003 0.010 0.026 0.007 0.008 0.017 0.011 0.359 
 217   (0.034) 0.067 0.001 0.001 0.003 0.004 0.003 0.011 0.007 0.107 
 201   (0.040) 0.005 0.006 0.005 0.003 0.019 0.013 0.015 0.132 0.002 
 207   (0.140) 0.027 0.896 0.477 0.474 0.030 0.573 0.051 0.056 0.022 
 199   (0.111) 0.016 0.013 0.332 0.086 0.015 0.097 0.162 0.187 0.047 
 219   (0.028) 0.011 0.001 0.001 0.002 0.003 0.002 0.009 0.006 0.067 
 211   (0.044) 0.022 0.002 0.018 0.153 0.006 0.008 0.052 0.011 0.004 
 229   (0.024) 0.023 0.001 0.001 0.002 0.003 0.002 0.008 0.005 0.009 
 231   (0.020) 0.005 0.001 0.001 0.002 0.003 0.002 0.007 0.004 0.007 
 221   (0.023) 0.004 0.001 0.001 0.002 0.003 0.002 0.007 0.005 0.021 
 205   (0.040) 0.007 0.002 0.001 0.003 0.006 0.003 0.383 0.037 0.007 
 227   (0.022) 0.084 0.001 0.001 0.002 0.003 0.002 0.007 0.005 0.002 
 213   (0.029) 0.178 0.001 0.001 0.002 0.012 0.003 0.010 0.007 0.003 
 209   (0.036) 0.017 0.002 0.126 0.025 0.004 0.004 0.012 0.008 0.007 
 223   (0.020) 0.002 0.001 0.001 0.002 0.017 0.002 0.007 0.004 0.001 

Locus 8 : 
11 alleles
0.0% missing data
 242   (0.525) 0.928 0.062 0.902 0.152 0.705 0.504 0.296 0.411 0.691 
 245   (0.078) 0.008 0.189 0.003 0.006 0.075 0.012 0.229 0.473 0.004 
 251   (0.102) 0.010 0.710 0.068 0.320 0.071 0.273 0.071 0.023 0.005 
 233   (0.022) 0.018 0.001 0.001 0.002 0.003 0.002 0.008 0.004 0.003 
 239   (0.068) 0.011 0.004 0.005 0.014 0.021 0.012 0.028 0.042 0.266 
 260   (0.035) 0.005 0.003 0.006 0.020 0.004 0.035 0.013 0.007 0.014 
 257   (0.030) 0.003 0.002 0.003 0.226 0.004 0.076 0.010 0.006 0.002 
 254   (0.031) 0.004 0.022 0.002 0.007 0.004 0.053 0.012 0.007 0.003 
 243   (0.020) 0.002 0.002 0.001 0.006 0.003 0.014 0.007 0.005 0.001 
 248   (0.070) 0.007 0.005 0.008 0.246 0.107 0.017 0.318 0.016 0.004 
 236   (0.019) 0.004 0.001 0.001 0.001 0.002 0.002 0.007 0.004 0.007 

Locus 9 : 
13 alleles
0.0% missing data
 161   (0.177) 0.057 0.015 0.021 0.406 0.412 0.037 0.286 0.070 0.217 
 163   (0.110) 0.017 0.041 0.014 0.009 0.180 0.079 0.127 0.079 0.152 
 169   (0.249) 0.108 0.778 0.337 0.283 0.244 0.428 0.119 0.056 0.326 
 171   (0.059) 0.021 0.009 0.049 0.115 0.037 0.095 0.021 0.013 0.005 
 167   (0.072) 0.296 0.003 0.002 0.006 0.022 0.007 0.118 0.026 0.208 
 181   (0.028) 0.022 0.001 0.001 0.002 0.018 0.003 0.011 0.006 0.003 
 157   (0.027) 0.030 0.001 0.001 0.002 0.003 0.002 0.009 0.006 0.048 
 159   (0.080) 0.382 0.004 0.008 0.041 0.011 0.018 0.045 0.607 0.031 
 165   (0.090) 0.009 0.133 0.555 0.073 0.012 0.260 0.226 0.114 0.005 
 177   (0.030) 0.051 0.003 0.001 0.007 0.004 0.014 0.011 0.007 0.003 
 173   (0.037) 0.004 0.003 0.006 0.042 0.051 0.013 0.013 0.008 0.002 
 179   (0.021) 0.002 0.004 0.001 0.010 0.003 0.032 0.008 0.005 0.001 
 151   (0.019) 0.002 0.005 0.003 0.002 0.002 0.014 0.007 0.004 0.001 

Locus 10 : 
9 alleles
1.3% missing data
 206   (0.699) 0.947 0.983 0.987 0.957 0.715 0.904 0.417 0.654 0.430 
 209   (0.145) 0.037 0.009 0.006 0.025 0.262 0.070 0.252 0.085 0.308 
 215   (0.027) 0.003 0.001 0.001 0.002 0.004 0.002 0.063 0.190 0.001 
 203   (0.029) 0.004 0.001 0.001 0.002 0.004 0.003 0.010 0.006 0.255 
 197   (0.019) 0.002 0.002 0.002 0.007 0.003 0.013 0.008 0.006 0.001 
 212   (0.019) 0.002 0.001 0.001 0.002 0.003 0.002 0.058 0.007 0.001 
 223   (0.020) 0.002 0.001 0.001 0.002 0.003 0.002 0.059 0.007 0.001 
 220   (0.021) 0.002 0.001 0.001 0.002 0.003 0.002 0.124 0.007 0.001 
 218   (0.020) 0.002 0.001 0.001 0.002 0.003 0.002 0.009 0.037 0.001 

Locus 11 : 
15 alleles
0.4% missing data
 155   (0.109) 0.016 0.004 0.004 0.009 0.266 0.011 0.301 0.093 0.281 
 165   (0.259) 0.027 0.922 0.649 0.546 0.464 0.686 0.131 0.320 0.030 
 173   (0.085) 0.646 0.023 0.020 0.010 0.012 0.058 0.031 0.042 0.117 
 183   (0.033) 0.005 0.001 0.001 0.003 0.005 0.003 0.015 0.084 0.015 
 177   (0.092) 0.183 0.014 0.048 0.034 0.105 0.029 0.067 0.053 0.010 
 185   (0.052) 0.015 0.002 0.002 0.004 0.007 0.005 0.021 0.123 0.410 
 187   (0.050) 0.010 0.003 0.011 0.044 0.007 0.008 0.063 0.014 0.036 
 169   (0.020) 0.003 0.001 0.001 0.003 0.003 0.002 0.007 0.005 0.006 
 175   (0.066) 0.046 0.012 0.005 0.010 0.022 0.113 0.038 0.173 0.005 
 167   (0.072) 0.019 0.009 0.240 0.256 0.023 0.066 0.048 0.022 0.005 
 163   (0.021) 0.002 0.002 0.006 0.029 0.003 0.004 0.007 0.005 0.001 
 179   (0.031) 0.005 0.002 0.011 0.046 0.004 0.005 0.011 0.007 0.006 
 181   (0.039) 0.005 0.002 0.001 0.003 0.005 0.004 0.132 0.011 0.070 
 171   (0.030) 0.014 0.001 0.001 0.002 0.036 0.003 0.011 0.007 0.004 
 189   (0.039) 0.004 0.002 0.001 0.003 0.039 0.004 0.117 0.041 0.002 

Locus 12 : 
6 alleles
0.0% missing data
 165   (0.825) 0.969 0.989 0.986 0.838 0.634 0.825 0.920 0.845 0.895 
 167   (0.082) 0.021 0.004 0.009 0.027 0.275 0.012 0.048 0.019 0.100 
 169   (0.023) 0.002 0.001 0.001 0.002 0.082 0.002 0.007 0.005 0.001 
 171   (0.021) 0.002 0.001 0.001 0.002 0.003 0.002 0.008 0.120 0.001 
 173   (0.027) 0.003 0.003 0.002 0.116 0.004 0.109 0.009 0.006 0.001 
 161   (0.022) 0.002 0.002 0.001 0.015 0.003 0.050 0.008 0.005 0.001 

Locus 13 : 
8 alleles
1.3% missing data
 185   (0.039) 0.111 0.002 0.001 0.003 0.101 0.004 0.014 0.007 0.003 
 188   (0.602) 0.624 0.977 0.972 0.789 0.595 0.899 0.418 0.169 0.577 
 191   (0.087) 0.179 0.003 0.003 0.007 0.172 0.009 0.063 0.018 0.198 
 193   (0.024) 0.003 0.001 0.001 0.002 0.067 0.002 0.008 0.005 0.001 
 190   (0.184) 0.066 0.011 0.017 0.194 0.057 0.069 0.351 0.788 0.208 
 182   (0.022) 0.013 0.001 0.001 0.002 0.003 0.002 0.008 0.004 0.012 
 187   (0.020) 0.002 0.004 0.005 0.002 0.003 0.013 0.007 0.004 0.001 
 189   (0.021) 0.002 0.001 0.001 0.002 0.003 0.002 0.130 0.005 0.001 

Locus 14 : 
28 alleles
9.7% missing data
 396   (0.126) 0.179 0.240 0.073 0.101 0.307 0.031 0.199 0.168 0.198 
 408   (0.047) 0.015 0.025 0.017 0.008 0.051 0.277 0.018 0.011 0.076 
 407   (0.026) 0.052 0.001 0.001 0.003 0.016 0.002 0.010 0.006 0.029 
 400   (0.111) 0.200 0.405 0.027 0.074 0.139 0.237 0.285 0.029 0.170 
 410   (0.041) 0.083 0.003 0.003 0.014 0.043 0.022 0.019 0.045 0.017 
 388   (0.047) 0.011 0.004 0.004 0.018 0.116 0.020 0.021 0.063 0.042 
 421   (0.022) 0.020 0.128 0.002 0.002 0.003 0.003 0.008 0.005 0.003 
 404   (0.058) 0.041 0.039 0.261 0.022 0.034 0.043 0.022 0.014 0.169 
 395   (0.024) 0.003 0.001 0.041 0.002 0.003 0.003 0.010 0.395 0.001 
 414   (0.034) 0.010 0.002 0.013 0.237 0.005 0.004 0.016 0.041 0.017 
 418   (0.053) 0.009 0.008 0.060 0.106 0.035 0.189 0.020 0.012 0.054 
 412   (0.025) 0.007 0.005 0.006 0.011 0.003 0.054 0.012 0.007 0.012 
 406   (0.017) 0.012 0.001 0.001 0.002 0.002 0.002 0.006 0.004 0.025 
 430   (0.028) 0.005 0.003 0.172 0.012 0.004 0.017 0.011 0.006 0.019 
 392   (0.082) 0.288 0.047 0.050 0.057 0.168 0.017 0.077 0.082 0.035 
 422   (0.038) 0.007 0.003 0.114 0.014 0.017 0.022 0.015 0.009 0.059 
 393   (0.014) 0.003 0.001 0.002 0.005 0.002 0.006 0.006 0.003 0.003 
 444   (0.015) 0.002 0.003 0.018 0.002 0.002 0.002 0.005 0.003 0.001 
 403   (0.032) 0.014 0.002 0.012 0.043 0.015 0.004 0.013 0.008 0.019 
 411   (0.016) 0.011 0.001 0.001 0.002 0.002 0.001 0.006 0.004 0.012 
 399   (0.013) 0.010 0.001 0.001 0.001 0.002 0.001 0.005 0.003 0.005 
 426   (0.028) 0.005 0.003 0.096 0.254 0.015 0.006 0.012 0.007 0.003 
 439   (0.015) 0.002 0.011 0.013 0.002 0.002 0.020 0.005 0.003 0.001 
 434   (0.013) 0.001 0.007 0.007 0.001 0.002 0.009 0.005 0.003 0.001 
 384   (0.019) 0.004 0.001 0.001 0.002 0.003 0.002 0.072 0.012 0.005 
 416   (0.024) 0.003 0.052 0.001 0.002 0.003 0.002 0.009 0.005 0.021 
 415   (0.017) 0.002 0.001 0.001 0.002 0.003 0.001 0.051 0.048 0.001 
 423   (0.015) 0.002 0.001 0.001 0.001 0.003 0.001 0.061 0.006 0.001 

Locus 15 : 
11 alleles
1.3% missing data
 197   (0.402) 0.300 0.853 0.826 0.292 0.181 0.609 0.561 0.300 0.179 
 203   (0.024) 0.003 0.001 0.001 0.002 0.097 0.002 0.008 0.005 0.001 
 200   (0.119) 0.014 0.023 0.089 0.025 0.373 0.074 0.223 0.344 0.006 
 191   (0.080) 0.437 0.003 0.003 0.006 0.035 0.008 0.070 0.019 0.193 
 194   (0.204) 0.164 0.039 0.014 0.059 0.231 0.049 0.078 0.296 0.574 
 185   (0.031) 0.003 0.074 0.008 0.006 0.004 0.139 0.011 0.006 0.002 
 182   (0.045) 0.006 0.003 0.055 0.603 0.006 0.110 0.015 0.009 0.003 
 179   (0.024) 0.005 0.001 0.001 0.002 0.003 0.002 0.008 0.005 0.028 
 188   (0.025) 0.063 0.001 0.001 0.002 0.003 0.003 0.010 0.005 0.012 
 206   (0.023) 0.003 0.001 0.001 0.002 0.034 0.002 0.008 0.005 0.001 
 209   (0.023) 0.003 0.001 0.001 0.002 0.034 0.002 0.008 0.005 0.001 

Locus 16 : 
32 alleles
2.5% missing data
 378   (0.026) 0.003 0.002 0.002 0.042 0.133 0.034 0.010 0.006 0.001 
 398   (0.047) 0.008 0.345 0.040 0.021 0.047 0.041 0.019 0.010 0.071 
 409   (0.017) 0.017 0.001 0.001 0.001 0.017 0.002 0.007 0.004 0.003 
 374   (0.026) 0.005 0.001 0.001 0.002 0.096 0.002 0.077 0.007 0.007 
 386   (0.050) 0.013 0.006 0.159 0.037 0.053 0.119 0.060 0.013 0.019 
 371   (0.020) 0.002 0.002 0.004 0.010 0.082 0.004 0.009 0.004 0.001 
