

----------------------------------------------------
STRUCTURE by Pritchard, Stephens and Donnelly (2000)
     and Falush, Stephens and Pritchard (2003)
       Code by Pritchard, Falush and Hubisz
             Version 2.3.4 (Jul 2012)
----------------------------------------------------



Command line arguments:   ./structure -m mainparams -e extraparams -i lagartijas_STRUCTURE_fixed.txt -K 9 -D 12537 -o results/K9_rep2 
Input File:    lagartijas_STRUCTURE_fixed.txt

Run parameters:
   237 individuals
   27 loci
   9 populations assumed
   500000 Burn-in period
   1000000 Reps
LOCPRIOR model used


--------------------------------------------
Proportion of membership of each pre-defined
 population in each of the 9 clusters

Given    Inferred Clusters                                                 Number of
 Pop       1      2      3      4      5      6      7      8      9      Individuals

  1:     0.184  0.001  0.002  0.468  0.005  0.336  0.002  0.001  0.002       22
  2:     0.035  0.001  0.001  0.095  0.024  0.840  0.001  0.002  0.001       10
  3:     0.046  0.005  0.001  0.470  0.391  0.085  0.001  0.001  0.001       42
  4:     0.013  0.003  0.011  0.892  0.023  0.050  0.003  0.002  0.003        6
  5:     0.344  0.003  0.009  0.192  0.230  0.199  0.002  0.004  0.017       20
  6:     0.018  0.003  0.002  0.014  0.012  0.005  0.106  0.838  0.002       76
  7:     0.012  0.002  0.003  0.002  0.003  0.003  0.574  0.393  0.007       16
  8:     0.005  0.005  0.006  0.010  0.004  0.003  0.016  0.006  0.944       27
  9:     0.002  0.014  0.846  0.006  0.017  0.003  0.005  0.009  0.096       10
 10:     0.004  0.562  0.240  0.035  0.012  0.003  0.003  0.007  0.133        8
--------------------------------------------

Allele-freq. divergence among pops (Net nucleotide distance),
computed using point estimates of P.

      1       2       3       4       5       6       7       8       9      
 1      -    0.0818  0.0951  0.0630  0.0650  0.0957  0.1081  0.1112  0.0856  
 2   0.0818     -    0.0803  0.1135  0.0929  0.1584  0.1056  0.0890  0.0872  
 3   0.0951  0.0803     -    0.1244  0.1141  0.1855  0.1213  0.1030  0.0894  
 4   0.0630  0.1135  0.1244     -    0.1009  0.1356  0.1430  0.1407  0.1172  
 5   0.0650  0.0929  0.1141  0.1009     -    0.1355  0.1446  0.1395  0.1184  
 6   0.0957  0.1584  0.1855  0.1356  0.1355     -    0.1915  0.1977  0.1738  
 7   0.1081  0.1056  0.1213  0.1430  0.1446  0.1915     -    0.0748  0.0962  
 8   0.1112  0.0890  0.1030  0.1407  0.1395  0.1977  0.0748     -    0.0730  
 9   0.0856  0.0872  0.0894  0.1172  0.1184  0.1738  0.0962  0.0730     -    

Average distances (expected heterozygosity) between individuals in same cluster:
cluster  1  : 0.6526 
cluster  2  : 0.7052 
cluster  3  : 0.6823 
cluster  4  : 0.5259 
cluster  5  : 0.6321 
cluster  6  : 0.4667 
cluster  7  : 0.6166 
cluster  8  : 0.6857 
cluster  9  : 0.6630 

--------------------------------------------
Estimated Ln Prob of Data   = -20158.4
Mean value of ln likelihood = -19421.0
Variance of ln likelihood   = 1474.8
Mean value of alpha         = 4.3844

Mean value of alpha_local for each location:
	location  1:  6.4098  0.0520  0.0721  17.4802  0.2150  12.4304  0.0894  0.0424  0.0694
	location  2:  0.1386  0.0163  0.0207  0.2489  0.0791  1.8618  0.0156  0.0289  0.0162
	location  3:  2.4580  0.2645  0.0544  25.2908  20.8313  4.4917  0.0843  0.0315  0.0435
	location  4:  0.2952  0.1089  0.3111  17.6409  0.4672  1.0166  0.1031  0.0967  0.0997
	location  5:  10.4297  0.0965  0.3368  5.8819  7.7162  6.1874  0.0871  0.1575  0.5537
	location  6:  0.0524  0.0193  0.0141  0.0661  0.0503  0.0266  0.4159  3.1645  0.0158
	location  7:  0.3221  0.0817  0.1007  0.0737  0.0951  0.1064  13.7861  9.8470  0.1777
	location  8:  0.1023  0.1136  0.1351  0.2220  0.1007  0.0773  0.3394  0.1491  19.5328
	location  9:  0.0664  0.3088  17.7221  0.1248  0.6638  0.0664  0.1040  0.1266  2.3006
	location 10:  0.0521  3.2307  1.2284  0.2344  0.1007  0.0490  0.0479  0.0729  0.9733

Mean value of Fst_1         = 0.2139
Mean value of Fst_2         = 0.1716
Mean value of Fst_3         = 0.1562
Mean value of Fst_4         = 0.2660
Mean value of Fst_5         = 0.2220
Mean value of Fst_6         = 0.3460
Mean value of Fst_7         = 0.2033
Mean value of Fst_8         = 0.1152
Mean value of Fst_9         = 0.1108

Mean value of r = 0.0691

Inferred ancestry of individuals:
        Label (%Miss) Pop:  Inferred clusters
  1   5SA037    (0)    8 :  0.003 0.004 0.004 0.005 0.002 0.002 0.008 0.003 0.969 
  2   5SA041    (0)    8 :  0.003 0.004 0.005 0.006 0.002 0.003 0.014 0.007 0.956 
  3   5SA042    (0)    8 :  0.009 0.005 0.007 0.015 0.004 0.006 0.011 0.005 0.939 
  4   5SA043    (0)    8 :  0.003 0.005 0.007 0.007 0.004 0.002 0.010 0.004 0.957 
  5   5SA059    (0)    8 :  0.004 0.005 0.010 0.009 0.003 0.002 0.012 0.006 0.949 
  6   5SA061    (0)    8 :  0.003 0.004 0.005 0.007 0.003 0.002 0.017 0.010 0.949 
  7   DED015    (0)    9 :  0.003 0.012 0.737 0.005 0.018 0.002 0.011 0.014 0.198 
  8   DED046    (0)    7 :  0.010 0.004 0.002 0.002 0.003 0.003 0.565 0.402 0.008 
  9   DED049    (0)    7 :  0.009 0.002 0.004 0.002 0.003 0.007 0.577 0.390 0.006 
 10   DED051    (0)    7 :  0.009 0.002 0.002 0.002 0.003 0.002 0.559 0.415 0.006 
 11   DED075    (0)    9 :  0.002 0.012 0.841 0.004 0.018 0.001 0.004 0.018 0.100 
 12   DJL286   (18)    1 :  0.176 0.001 0.001 0.499 0.004 0.314 0.002 0.001 0.001 
 13   DJL297    (0)    1 :  0.174 0.001 0.002 0.485 0.005 0.329 0.002 0.001 0.002 
 14   DJL868    (3)    6 :  0.004 0.004 0.001 0.005 0.002 0.001 0.059 0.921 0.003 
 15   DJL869    (0)    6 :  0.004 0.001 0.001 0.004 0.002 0.001 0.306 0.678 0.001 
 16   DJL870    (0)    6 :  0.004 0.002 0.001 0.005 0.003 0.001 0.063 0.921 0.001 
 17   DJL872    (0)    6 :  0.005 0.002 0.001 0.008 0.005 0.005 0.032 0.941 0.001 
 18   DJL878    (3)    6 :  0.004 0.001 0.001 0.003 0.004 0.001 0.213 0.772 0.003 
 19    DL902    (0)    6 :  0.009 0.005 0.012 0.020 0.054 0.014 0.033 0.850 0.002 
 20    DL912    (0)    6 :  0.005 0.003 0.001 0.004 0.008 0.002 0.032 0.945 0.001 
 21    DL914    (0)    6 :  0.012 0.002 0.001 0.041 0.004 0.005 0.089 0.844 0.002 
 22    DL915    (0)    6 :  0.008 0.001 0.002 0.009 0.003 0.001 0.197 0.777 0.001 
 23    DL916    (0)    7 :  0.009 0.003 0.003 0.002 0.004 0.003 0.567 0.403 0.005 
 24    DL924   (29)    1 :  0.189 0.001 0.002 0.453 0.006 0.341 0.004 0.001 0.003 
 25    DL925    (0)    1 :  0.187 0.001 0.001 0.431 0.004 0.371 0.003 0.001 0.001 
 26    DL944    (0)    8 :  0.003 0.007 0.005 0.007 0.003 0.002 0.010 0.005 0.958 
 27    DL957   (11)   10 :  0.004 0.236 0.630 0.027 0.004 0.003 0.003 0.004 0.090 
 28    DL958   (25)   10 :  0.006 0.312 0.422 0.132 0.010 0.003 0.004 0.005 0.105 
 29  ESP9057    (0)    1 :  0.225 0.001 0.001 0.443 0.004 0.321 0.002 0.001 0.002 
 30  ESP9064    (0)    3 :  0.046 0.004 0.001 0.510 0.366 0.069 0.002 0.000 0.001 
 31  ESP9070    (0)    1 :  0.200 0.001 0.001 0.433 0.004 0.357 0.002 0.001 0.001 
 32  ESP9085    (0)    6 :  0.003 0.001 0.001 0.006 0.003 0.001 0.052 0.930 0.002 
 33  ESP9092    (0)    6 :  0.002 0.001 0.001 0.003 0.002 0.001 0.091 0.898 0.001 
 34  ESP9101    (0)    6 :  0.008 0.002 0.002 0.043 0.005 0.003 0.086 0.849 0.002 
 35  ESP9104    (0)    6 :  0.002 0.001 0.001 0.002 0.003 0.001 0.082 0.906 0.001 
 36  ESP9111    (0)    6 :  0.002 0.001 0.001 0.003 0.004 0.001 0.025 0.961 0.002 
 37  ESP9120    (0)    6 :  0.004 0.001 0.001 0.004 0.002 0.002 0.034 0.950 0.001 
 38  ESP9137   (22)    6 :  0.215 0.004 0.001 0.078 0.045 0.040 0.030 0.586 0.001 
 39  ESP9143    (0)    6 :  0.216 0.003 0.001 0.135 0.086 0.031 0.043 0.484 0.001 
 40  ESP9147    (0)    6 :  0.002 0.001 0.001 0.003 0.002 0.002 0.056 0.933 0.001 
 41  ESP9149    (0)    6 :  0.002 0.001 0.001 0.003 0.002 0.001 0.046 0.943 0.002 
 42  ESP9152    (0)    6 :  0.002 0.016 0.001 0.003 0.003 0.002 0.055 0.916 0.001 
 43  ESP9174    (0)    5 :  0.379 0.002 0.008 0.158 0.222 0.205 0.003 0.004 0.018 
 44  ESP9179    (3)    4 :  0.010 0.004 0.009 0.840 0.025 0.103 0.003 0.003 0.003 
 45  ESP9186    (0)    5 :  0.316 0.002 0.007 0.225 0.246 0.181 0.002 0.004 0.016 
 46  ESP9196    (0)    5 :  0.346 0.003 0.016 0.204 0.235 0.171 0.002 0.005 0.017 
 47  ESP9197    (0)    5 :  0.339 0.002 0.006 0.197 0.207 0.233 0.002 0.003 0.011 
 48  ESP9208    (0)    5 :  0.407 0.003 0.017 0.153 0.219 0.160 0.004 0.004 0.033 
 49  ESP9231    (0)    5 :  0.343 0.002 0.006 0.174 0.277 0.180 0.002 0.003 0.012 
 50  ESP9232    (0)    5 :  0.418 0.002 0.014 0.165 0.255 0.121 0.003 0.005 0.017 
 51  ESP9245    (0)    7 :  0.009 0.002 0.002 0.002 0.002 0.003 0.618 0.358 0.004 
 52  ESP9252    (0)    7 :  0.008 0.002 0.004 0.002 0.002 0.002 0.607 0.366 0.007 
 53  ESP9258    (0)    7 :  0.009 0.002 0.003 0.002 0.002 0.004 0.592 0.382 0.005 
 54  ESP9261    (3)    4 :  0.014 0.003 0.010 0.902 0.014 0.051 0.002 0.003 0.002 
 55  ESP9264    (3)    4 :  0.012 0.003 0.007 0.911 0.027 0.033 0.003 0.003 0.002 
 56  ESP9273    (0)    4 :  0.012 0.003 0.024 0.915 0.011 0.027 0.002 0.002 0.002 
 57  ESP9275    (3)    4 :  0.017 0.005 0.011 0.885 0.016 0.058 0.003 0.002 0.003 
 58  ESP9279    (0)    5 :  0.380 0.004 0.007 0.232 0.149 0.203 0.002 0.005 0.019 
 59  ESP9311    (0)    5 :  0.286 0.002 0.012 0.192 0.248 0.233 0.002 0.004 0.020 
 60  ESP9325    (3)    3 :  0.040 0.004 0.001 0.457 0.380 0.116 0.001 0.000 0.001 
 61  ESP9326    (0)    6 :  0.008 0.002 0.003 0.036 0.012 0.004 0.307 0.625 0.003 
 62  ESP9330    (0)    6 :  0.008 0.002 0.002 0.027 0.003 0.003 0.329 0.622 0.004 
 63  ESP9331    (0)    6 :  0.014 0.002 0.002 0.005 0.003 0.075 0.378 0.513 0.008 
 64  ESP9340    (0)    6 :  0.003 0.002 0.008 0.004 0.005 0.001 0.209 0.762 0.005 
 65  ESP9349    (0)    6 :  0.003 0.002 0.001 0.009 0.011 0.002 0.074 0.897 0.002 
 66  ESP9350    (0)    6 :  0.003 0.002 0.001 0.004 0.003 0.003 0.334 0.645 0.004 
 67  ESP9351    (0)    6 :  0.003 0.002 0.001 0.004 0.002 0.001 0.229 0.756 0.002 
 68  ESP9357    (0)    6 :  0.005 0.001 0.001 0.004 0.003 0.002 0.053 0.930 0.001 
 69  ESP9417    (0)    5 :  0.343 0.002 0.010 0.165 0.220 0.237 0.002 0.008 0.012 
 70  ESP9438    (0)    6 :  0.002 0.001 0.001 0.003 0.002 0.001 0.025 0.964 0.001 
 71  ESP9451    (0)    6 :  0.011 0.001 0.002 0.020 0.010 0.007 0.082 0.865 0.001 
 72  ESP9479    (0)    1 :  0.157 0.001 0.002 0.488 0.005 0.344 0.002 0.001 0.001 
 73  ESP9480    (3)    1 :  0.196 0.001 0.001 0.525 0.005 0.269 0.002 0.001 0.001 
 74  ESP9485    (0)    1 :  0.148 0.001 0.001 0.480 0.005 0.362 0.001 0.001 0.001 
 75  ESP9486    (0)    1 :  0.178 0.001 0.001 0.429 0.007 0.379 0.002 0.001 0.002 
 76  ESP9495    (0)    7 :  0.009 0.003 0.004 0.003 0.003 0.003 0.438 0.526 0.012 
 77  ESP9557    (3)    2 :  0.056 0.002 0.001 0.050 0.004 0.883 0.001 0.002 0.001 
 78  ESP9601    (3)    6 :  0.004 0.001 0.002 0.004 0.002 0.002 0.036 0.943 0.005 
 79  ESP9606    (0)    1 :  0.175 0.001 0.001 0.537 0.004 0.279 0.001 0.001 0.001 
 80  ESP9616    (0)    6 :  0.016 0.002 0.002 0.018 0.005 0.004 0.038 0.914 0.001 
 81  ESP9620    (0)    6 :  0.005 0.002 0.002 0.046 0.005 0.002 0.168 0.769 0.001 
 82  ESP9621    (0)    6 :  0.026 0.031 0.007 0.020 0.009 0.004 0.191 0.700 0.012 
 83  ESP9642    (0)    3 :  0.040 0.004 0.001 0.433 0.444 0.076 0.001 0.000 0.001 
 84  ESP9643    (0)    3 :  0.040 0.004 0.001 0.492 0.388 0.074 0.001 0.000 0.001 
 85 LAF10486    (0)    6 :  0.103 0.008 0.001 0.031 0.038 0.021 0.042 0.754 0.002 
 86 LAF10487    (0)    6 :  0.015 0.001 0.001 0.016 0.218 0.002 0.027 0.717 0.002 
 87  LM51001    (0)    6 :  0.003 0.001 0.001 0.003 0.004 0.001 0.088 0.896 0.001 
 88  LM51002    (0)    6 :  0.002 0.002 0.001 0.002 0.001 0.001 0.177 0.811 0.002 
 89  LM51003    (0)    6 :  0.003 0.002 0.001 0.010 0.002 0.002 0.070 0.908 0.002 
 90  LM51004    (0)    6 :  0.005 0.003 0.001 0.003 0.005 0.001 0.033 0.947 0.002 
 91  LM51005    (0)    6 :  0.004 0.001 0.001 0.004 0.003 0.002 0.019 0.966 0.001 
 92  LM51007    (0)    6 :  0.371 0.005 0.002 0.126 0.004 0.040 0.027 0.424 0.001 
 93  LM51010    (0)    6 :  0.002 0.002 0.002 0.003 0.002 0.001 0.022 0.965 0.001 
 94  LM51011    (0)    6 :  0.002 0.001 0.001 0.003 0.002 0.001 0.038 0.951 0.001 
 95  LM51012    (0)    6 :  0.004 0.001 0.001 0.005 0.005 0.003 0.111 0.869 0.001 
 96   MTH270    (0)    5 :  0.337 0.002 0.008 0.183 0.261 0.185 0.003 0.004 0.018 
 97   MTH275    (0)    5 :  0.353 0.004 0.008 0.235 0.223 0.152 0.002 0.006 0.017 
 98   MTH276    (0)    5 :  0.311 0.002 0.008 0.176 0.220 0.263 0.002 0.004 0.012 
 99   MTH468    (3)    3 :  0.038 0.004 0.001 0.493 0.384 0.078 0.001 0.000 0.001 
100   MTH469    (0)    3 :  0.054 0.005 0.001 0.438 0.404 0.095 0.002 0.001 0.001 
101   MTH470    (0)    3 :  0.040 0.004 0.001 0.483 0.370 0.100 0.001 0.000 0.001 
102   MTH472    (0)    3 :  0.058 0.004 0.001 0.462 0.386 0.087 0.001 0.001 0.001 
103   MTH473    (3)    3 :  0.041 0.005 0.001 0.509 0.359 0.082 0.001 0.001 0.001 
104   MTH474    (0)    3 :  0.039 0.005 0.001 0.501 0.362 0.089 0.001 0.001 0.001 
105   MTH475    (0)    3 :  0.045 0.004 0.001 0.448 0.414 0.086 0.001 0.000 0.001 
106   MTH477    (0)    3 :  0.048 0.004 0.001 0.481 0.358 0.105 0.001 0.000 0.001 
107   MTH478    (3)    3 :  0.053 0.008 0.001 0.482 0.370 0.082 0.002 0.001 0.002 
108   MTH489    (3)    3 :  0.041 0.004 0.001 0.498 0.365 0.086 0.002 0.001 0.001 
109   MTH490    (3)    3 :  0.055 0.004 0.001 0.475 0.378 0.084 0.001 0.000 0.001 
110   MTH491   (22)    3 :  0.048 0.004 0.001 0.479 0.391 0.073 0.002 0.001 0.001 
111   MTH492    (0)    3 :  0.051 0.004 0.001 0.468 0.399 0.074 0.001 0.001 0.001 
112   MTH532    (0)    1 :  0.161 0.001 0.003 0.491 0.003 0.337 0.002 0.001 0.002 
113   MTH534    (3)    1 :  0.235 0.001 0.003 0.427 0.004 0.321 0.005 0.001 0.002 
114   MTH571    (0)    1 :  0.193 0.001 0.001 0.403 0.006 0.392 0.002 0.001 0.001 
115   MTH589    (3)    4 :  0.011 0.002 0.009 0.898 0.044 0.027 0.002 0.003 0.003 
116   NM1201    (0)    5 :  0.312 0.002 0.006 0.258 0.173 0.232 0.002 0.003 0.011 
117   NM1204    (3)    5 :  0.285 0.002 0.007 0.189 0.240 0.249 0.002 0.006 0.020 
118   NM1206    (0)    5 :  0.396 0.002 0.007 0.162 0.236 0.182 0.002 0.003 0.011 
119   NM1207    (0)    5 :  0.305 0.002 0.009 0.179 0.318 0.168 0.002 0.004 0.014 
120   NM1208    (0)    5 :  0.335 0.003 0.008 0.201 0.188 0.245 0.002 0.003 0.015 
121   NM1209    (0)    5 :  0.344 0.003 0.012 0.207 0.243 0.161 0.002 0.004 0.023 
122  NMG0361    (0)    6 :  0.002 0.001 0.001 0.004 0.003 0.001 0.046 0.941 0.001 
123  NMG0426    (0)    6 :  0.003 0.001 0.000 0.004 0.003 0.001 0.038 0.949 0.001 
124  NMG0779    (0)    6 :  0.011 0.002 0.002 0.034 0.088 0.002 0.073 0.788 0.001 
125  NMG0901    (0)    6 :  0.003 0.001 0.001 0.003 0.002 0.001 0.162 0.826 0.001 
126  NMG0902    (0)    6 :  0.004 0.002 0.001 0.005 0.012 0.002 0.041 0.932 0.001 
127  NMG0903    (0)    6 :  0.004 0.001 0.001 0.004 0.003 0.003 0.031 0.951 0.002 
128  NMG0904    (0)    6 :  0.007 0.002 0.001 0.007 0.006 0.003 0.027 0.946 0.002 
129   SAR002    (0)    3 :  0.048 0.005 0.001 0.437 0.442 0.064 0.001 0.001 0.001 
130   SAR003    (0)    3 :  0.044 0.006 0.001 0.506 0.362 0.079 0.001 0.001 0.001 
131   SAR004    (3)    3 :  0.044 0.005 0.002 0.468 0.381 0.098 0.001 0.001 0.001 
132   SAR019    (7)    3 :  0.042 0.004 0.001 0.404 0.459 0.087 0.001 0.000 0.001 
133   SAR021    (0)    1 :  0.207 0.001 0.002 0.433 0.007 0.346 0.003 0.001 0.002 
134   SAR023    (0)    1 :  0.160 0.001 0.001 0.457 0.003 0.374 0.001 0.001 0.001 
135   SAR024    (0)    1 :  0.165 0.001 0.001 0.488 0.005 0.336 0.002 0.001 0.001 
136   SAR027    (0)    1 :  0.160 0.001 0.002 0.531 0.004 0.298 0.002 0.001 0.001 
137   SAR028    (0)    1 :  0.179 0.001 0.002 0.416 0.016 0.381 0.002 0.001 0.002 
138   SAR030    (0)    1 :  0.170 0.001 0.001 0.532 0.004 0.288 0.002 0.001 0.001 
139   SAR050    (3)    3 :  0.042 0.004 0.001 0.455 0.413 0.082 0.001 0.000 0.001 
140   SAR054    (3)    3 :  0.038 0.004 0.001 0.376 0.501 0.078 0.001 0.000 0.001 
141   SAR200    (0)    3 :  0.045 0.005 0.001 0.456 0.406 0.085 0.001 0.001 0.001 
142   SAR204    (0)    6 :  0.002 0.001 0.001 0.003 0.002 0.001 0.027 0.964 0.001 
143   SAR206    (0)    6 :  0.004 0.031 0.017 0.004 0.005 0.002 0.058 0.877 0.002 
144   SAR208    (0)    6 :  0.010 0.002 0.003 0.007 0.005 0.009 0.038 0.924 0.002 
145   SAR210    (0)    6 :  0.009 0.001 0.001 0.005 0.002 0.001 0.034 0.946 0.001 
146   SAR218    (0)    3 :  0.048 0.004 0.001 0.523 0.350 0.071 0.001 0.001 0.001 
147   SAR224    (3)    2 :  0.011 0.001 0.001 0.015 0.004 0.965 0.001 0.002 0.001 
148   SAR226    (3)    2 :  0.015 0.001 0.001 0.073 0.004 0.904 0.001 0.001 0.001 
149   SAR227    (3)    2 :  0.007 0.001 0.003 0.085 0.004 0.898 0.001 0.001 0.001 
150   SAR229    (0)    2 :  0.009 0.001 0.001 0.026 0.006 0.954 0.001 0.002 0.001 
151   SAR252    (0)    6 :  0.003 0.001 0.002 0.007 0.002 0.001 0.145 0.836 0.001 
152   SAR253    (0)    6 :  0.004 0.001 0.001 0.004 0.003 0.002 0.143 0.840 0.001 
153   SAR254    (0)    6 :  0.004 0.003 0.002 0.005 0.013 0.001 0.045 0.915 0.012 
154   SAR255    (0)    6 :  0.008 0.001 0.001 0.011 0.002 0.007 0.056 0.911 0.002 
155   SAR256    (0)    6 :  0.015 0.001 0.002 0.011 0.024 0.003 0.060 0.883 0.002 
156   SAR259    (0)    7 :  0.016 0.005 0.006 0.004 0.005 0.003 0.572 0.383 0.006 
157   SAR261    (0)    7 :  0.027 0.002 0.002 0.002 0.002 0.004 0.605 0.349 0.006 
158   SAR262   (18)    7 :  0.011 0.002 0.007 0.003 0.003 0.007 0.594 0.365 0.007 
159   SAR264    (0)    7 :  0.010 0.002 0.002 0.002 0.002 0.002 0.637 0.338 0.004 
160   SAR265    (0)    7 :  0.007 0.002 0.002 0.002 0.002 0.003 0.549 0.428 0.005 
161   SAR266    (0)    7 :  0.024 0.002 0.004 0.003 0.004 0.003 0.656 0.299 0.007 
162   SAR307    (0)    3 :  0.042 0.003 0.001 0.518 0.342 0.091 0.001 0.000 0.001 
163   SAR348    (0)    6 :  0.003 0.003 0.001 0.003 0.002 0.001 0.046 0.942 0.001 
164   SAR351    (0)    6 :  0.002 0.001 0.002 0.003 0.002 0.001 0.021 0.967 0.002 
165   SAR355    (0)    6 :  0.003 0.002 0.001 0.005 0.002 0.001 0.035 0.949 0.002 
166   SAR356    (0)    6 :  0.009 0.012 0.002 0.021 0.007 0.001 0.102 0.844 0.002 
167   SAR361    (0)    1 :  0.174 0.001 0.002 0.487 0.005 0.325 0.003 0.001 0.002 
168   SAR379    (0)    6 :  0.007 0.001 0.001 0.006 0.002 0.002 0.110 0.870 0.002 
169   SAR381    (0)    7 :  0.009 0.002 0.003 0.002 0.003 0.004 0.461 0.511 0.007 
170   SAR383    (0)    6 :  0.006 0.002 0.001 0.003 0.005 0.001 0.227 0.752 0.003 
171  S5AR008    (3)    3 :  0.040 0.004 0.001 0.465 0.412 0.077 0.001 0.000 0.001 
172  S5AR009    (0)    3 :  0.052 0.005 0.001 0.445 0.425 0.070 0.001 0.000 0.001 
173 S5AR010.1    (3)    3 :  0.051 0.004 0.001 0.501 0.370 0.070 0.001 0.000 0.001 
174 S5AR010.2    (7)    3 :  0.039 0.005 0.001 0.451 0.421 0.082 0.001 0.000 0.001 
175  S5AR011    (0)    3 :  0.059 0.004 0.001 0.461 0.371 0.100 0.002 0.000 0.001 
176  S5AR012    (0)    3 :  0.050 0.007 0.001 0.447 0.396 0.096 0.001 0.001 0.001 
177  S5AR013    (3)    3 :  0.052 0.004 0.001 0.476 0.381 0.085 0.001 0.000 0.001 
178  S5AR030    (3)    3 :  0.049 0.004 0.001 0.466 0.410 0.066 0.002 0.001 0.001 
179  S5AR031    (3)    3 :  0.045 0.004 0.001 0.458 0.414 0.075 0.001 0.001 0.001 
180  S5AR032    (3)    3 :  0.044 0.005 0.001 0.489 0.372 0.087 0.002 0.001 0.001 
181  S5AR033    (0)    3 :  0.035 0.004 0.001 0.468 0.357 0.132 0.001 0.000 0.001 
182  S5AR034    (3)    3 :  0.053 0.006 0.001 0.453 0.392 0.093 0.001 0.000 0.001 
183 T5W510432    (3)    2 :  0.006 0.001 0.001 0.011 0.004 0.974 0.001 0.001 0.001 
184 T5W510433    (7)    2 :  0.031 0.001 0.002 0.043 0.028 0.892 0.001 0.001 0.001 
185 T5W510439    (0)    2 :  0.033 0.001 0.001 0.063 0.012 0.885 0.001 0.003 0.001 
186 T5W510440    (0)    2 :  0.023 0.001 0.001 0.025 0.012 0.933 0.001 0.003 0.001 
187 T5W510442    (0)    2 :  0.161 0.002 0.002 0.559 0.158 0.114 0.001 0.002 0.002 
188 T5W510450    (0)   10 :  0.004 0.720 0.127 0.053 0.011 0.007 0.007 0.016 0.056 
189 T5W510461    (0)    6 :  0.002 0.001 0.003 0.002 0.003 0.001 0.073 0.913 0.002 
190 T5W510491    (3)    5 :  0.346 0.003 0.007 0.192 0.210 0.223 0.002 0.003 0.014 
191 T5W510518    (0)    6 :  0.008 0.001 0.001 0.005 0.005 0.003 0.026 0.950 0.001 
192 T5W591345    (0)    6 :  0.003 0.003 0.001 0.011 0.003 0.003 0.332 0.642 0.002 
193 T5W591495    (0)    6 :  0.004 0.005 0.002 0.005 0.014 0.002 0.407 0.554 0.007 
194 T5W591497    (3)    3 :  0.058 0.004 0.001 0.494 0.363 0.080 0.001 0.000 0.001 
195 T5W591500    (0)    3 :  0.042 0.004 0.001 0.476 0.378 0.097 0.001 0.000 0.001 
196 T5W591501    (0)    3 :  0.042 0.006 0.002 0.446 0.428 0.072 0.002 0.001 0.001 
197 T5W592573    (0)    3 :  0.044 0.005 0.001 0.493 0.377 0.077 0.002 0.001 0.001 
198 T5W592574    (0)    6 :  0.003 0.002 0.002 0.007 0.003 0.001 0.034 0.938 0.009 
199 T5W592575    (0)    6 :  0.003 0.008 0.003 0.034 0.023 0.001 0.079 0.844 0.006 
200 T5W593505    (0)    1 :  0.232 0.002 0.002 0.428 0.007 0.325 0.002 0.001 0.002 
201 T5W593559    (0)    6 :  0.003 0.001 0.001 0.005 0.002 0.001 0.039 0.946 0.002 
202 T5W594831    (0)    6 :  0.070 0.006 0.001 0.027 0.057 0.010 0.047 0.778 0.002 
203  TJH2839    (0)   10 :  0.005 0.541 0.248 0.016 0.004 0.002 0.002 0.004 0.177 
204  TJH2840    (0)   10 :  0.005 0.739 0.051 0.017 0.056 0.005 0.003 0.004 0.121 
205  TJH2846    (0)   10 :  0.003 0.597 0.131 0.018 0.005 0.002 0.003 0.009 0.232 
206  TJH2880    (0)    9 :  0.002 0.012 0.874 0.004 0.015 0.002 0.003 0.007 0.082 
207  TJH2918    (0)    9 :  0.004 0.009 0.833 0.018 0.025 0.003 0.005 0.006 0.098 
208  TJH2927    (0)    9 :  0.003 0.025 0.862 0.006 0.017 0.002 0.003 0.010 0.072 
209  TJH2939    (0)    9 :  0.003 0.010 0.854 0.007 0.017 0.005 0.013 0.010 0.081 
210  TJH2963    (3)    8 :  0.003 0.003 0.004 0.014 0.003 0.002 0.009 0.007 0.955 
211  TJH2966    (0)    8 :  0.004 0.003 0.004 0.009 0.003 0.002 0.010 0.005 0.960 
212  TJH2971    (0)    8 :  0.003 0.003 0.005 0.006 0.002 0.002 0.020 0.005 0.954 
213  TJH2975    (0)    8 :  0.004 0.005 0.005 0.009 0.004 0.002 0.015 0.007 0.949 
214  TJH2984    (0)    8 :  0.006 0.005 0.004 0.007 0.003 0.007 0.009 0.004 0.954 
215  TJH2991    (0)    8 :  0.003 0.004 0.004 0.012 0.006 0.010 0.016 0.007 0.937 
216  TJH2993    (3)    8 :  0.004 0.005 0.006 0.009 0.003 0.003 0.051 0.007 0.912 
217  TJH2994    (0)    8 :  0.005 0.004 0.011 0.020 0.020 0.004 0.012 0.007 0.918 
218  TJH3000    (0)    8 :  0.003 0.006 0.009 0.007 0.004 0.003 0.032 0.016 0.919 
219  TJH3007    (0)    8 :  0.005 0.005 0.009 0.028 0.005 0.008 0.011 0.006 0.924 
220  TJH3011    (0)    8 :  0.003 0.004 0.006 0.009 0.005 0.003 0.013 0.005 0.951 
221  TJH3012    (0)    8 :  0.003 0.004 0.007 0.009 0.008 0.002 0.015 0.004 0.949 
222  TJH3019    (0)    8 :  0.002 0.005 0.004 0.008 0.002 0.002 0.014 0.010 0.953 
223  TJH3020    (0)    8 :  0.003 0.004 0.004 0.012 0.004 0.002 0.017 0.006 0.949 
224  TJH3025    (0)    8 :  0.003 0.003 0.004 0.007 0.003 0.002 0.015 0.007 0.956 
225  TJH3030    (0)    8 :  0.006 0.007 0.007 0.015 0.003 0.002 0.009 0.005 0.946 
226  TJH3033    (0)    8 :  0.002 0.003 0.004 0.007 0.002 0.002 0.010 0.004 0.966 
227  TJH3038    (0)    8 :  0.025 0.015 0.013 0.010 0.008 0.006 0.055 0.009 0.861 
228   TJH787   (29)    6 :  0.005 0.001 0.001 0.004 0.003 0.002 0.706 0.278 0.001 
229   TJH789   (29)    7 :  0.009 0.002 0.003 0.002 0.003 0.003 0.593 0.376 0.009 
230   TX1201    (0)    9 :  0.002 0.016 0.869 0.003 0.013 0.001 0.004 0.008 0.083 
231 TX2011012    (3)   10 :  0.002 0.619 0.205 0.010 0.005 0.002 0.002 0.004 0.152 
232 TX2011241    (0)   10 :  0.003 0.732 0.105 0.010 0.005 0.001 0.004 0.013 0.128 
233 TX2011252    (0)    8 :  0.005 0.004 0.005 0.010 0.003 0.003 0.009 0.005 0.955 
234 TX2011253    (0)    8 :  0.003 0.004 0.005 0.007 0.004 0.002 0.011 0.006 0.958 
235 TX2011285    (0)    9 :  0.002 0.017 0.890 0.004 0.012 0.003 0.003 0.004 0.067 
236 TX2011286    (0)    9 :  0.003 0.013 0.842 0.007 0.018 0.007 0.005 0.009 0.095 
237 TX2011287    (0)    9 :  0.002 0.018 0.860 0.005 0.017 0.006 0.004 0.005 0.083 


Estimated Allele Frequencies in each cluster
First column gives estimated ancestral frequencies


Locus 1 : 
4 alleles
0.0% missing data
 109   (0.533) 0.604 0.207 0.393 0.775 0.315 0.550 0.517 0.356 0.874 
 103   (0.099) 0.031 0.033 0.325 0.004 0.011 0.005 0.037 0.261 0.074 
 112   (0.340) 0.361 0.752 0.277 0.220 0.672 0.445 0.438 0.288 0.048 
 106   (0.028) 0.004 0.008 0.006 0.001 0.002 0.001 0.008 0.094 0.004 

Locus 2 : 
17 alleles
0.0% missing data
 185   (0.132) 0.054 0.061 0.078 0.052 0.179 0.016 0.226 0.189 0.590 
 217   (0.087) 0.019 0.060 0.117 0.022 0.126 0.022 0.029 0.083 0.097 
 221   (0.117) 0.073 0.071 0.168 0.151 0.107 0.013 0.184 0.074 0.112 
 213   (0.068) 0.123 0.140 0.019 0.031 0.065 0.015 0.033 0.016 0.040 
 225   (0.101) 0.039 0.142 0.047 0.126 0.073 0.305 0.188 0.023 0.091 
 229   (0.075) 0.038 0.141 0.047 0.167 0.024 0.257 0.160 0.014 0.011 
 193   (0.041) 0.039 0.015 0.009 0.002 0.010 0.005 0.052 0.376 0.005 
 233   (0.057) 0.105 0.021 0.197 0.198 0.034 0.100 0.008 0.007 0.008 
 201   (0.042) 0.161 0.015 0.009 0.032 0.077 0.009 0.006 0.021 0.005 
 197   (0.044) 0.005 0.116 0.131 0.002 0.003 0.002 0.008 0.149 0.007 
 241   (0.051) 0.023 0.087 0.114 0.016 0.025 0.107 0.007 0.007 0.007 
 237   (0.049) 0.019 0.036 0.028 0.125 0.014 0.117 0.008 0.014 0.007 
 209   (0.030) 0.024 0.011 0.006 0.004 0.106 0.002 0.006 0.014 0.004 
 205   (0.043) 0.117 0.016 0.009 0.060 0.030 0.014 0.079 0.008 0.006 
 245   (0.019) 0.112 0.007 0.004 0.006 0.002 0.011 0.002 0.001 0.002 
 189   (0.026) 0.047 0.056 0.012 0.003 0.003 0.003 0.003 0.002 0.005 
 249   (0.017) 0.002 0.006 0.003 0.003 0.122 0.001 0.002 0.001 0.002 

Locus 3 : 
11 alleles
0.0% missing data
 130   (0.023) 0.003 0.008 0.005 0.001 0.002 0.001 0.003 0.001 0.080 
 117   (0.182) 0.159 0.108 0.101 0.040 0.263 0.034 0.058 0.166 0.307 
 125   (0.156) 0.035 0.294 0.036 0.006 0.015 0.009 0.337 0.489 0.379 
 121   (0.449) 0.568 0.465 0.672 0.936 0.656 0.082 0.543 0.326 0.192 
 127   (0.020) 0.003 0.007 0.004 0.001 0.002 0.001 0.021 0.003 0.003 
 129   (0.024) 0.008 0.009 0.005 0.002 0.005 0.847 0.003 0.001 0.003 
 123   (0.037) 0.068 0.021 0.149 0.002 0.015 0.004 0.004 0.002 0.005 
 131   (0.033) 0.027 0.013 0.007 0.004 0.022 0.004 0.022 0.003 0.004 
 133   (0.029) 0.123 0.011 0.006 0.008 0.016 0.015 0.003 0.001 0.004 
 119   (0.028) 0.004 0.011 0.006 0.001 0.003 0.001 0.006 0.007 0.019 
 115   (0.019) 0.002 0.054 0.010 0.001 0.002 0.001 0.002 0.001 0.004 

Locus 4 : 
20 alleles
0.0% missing data
 132   (0.097) 0.080 0.110 0.086 0.009 0.056 0.007 0.044 0.243 0.327 
 136   (0.071) 0.099 0.046 0.128 0.014 0.007 0.029 0.019 0.059 0.128 
 138   (0.140) 0.040 0.401 0.142 0.256 0.025 0.280 0.173 0.126 0.180 
 140   (0.101) 0.073 0.049 0.121 0.138 0.071 0.283 0.077 0.136 0.040 
 134   (0.096) 0.043 0.110 0.029 0.131 0.046 0.011 0.292 0.169 0.101 
 122   (0.024) 0.003 0.016 0.074 0.002 0.002 0.017 0.003 0.001 0.004 
 146   (0.050) 0.146 0.070 0.014 0.014 0.009 0.088 0.123 0.010 0.008 
 142   (0.053) 0.317 0.021 0.012 0.015 0.017 0.012 0.063 0.066 0.014 
 144   (0.091) 0.042 0.065 0.138 0.094 0.034 0.151 0.094 0.073 0.040 
 120   (0.018) 0.002 0.007 0.004 0.001 0.001 0.001 0.002 0.048 0.002 
 152   (0.018) 0.016 0.006 0.004 0.022 0.003 0.012 0.002 0.001 0.002 
 130   (0.068) 0.024 0.027 0.103 0.027 0.175 0.005 0.040 0.026 0.124 
 112   (0.017) 0.002 0.011 0.111 0.001 0.001 0.001 0.002 0.001 0.002 
 128   (0.034) 0.013 0.013 0.008 0.256 0.490 0.003 0.004 0.002 0.011 
 116   (0.015) 0.002 0.006 0.003 0.001 0.001 0.001 0.003 0.007 0.002 
 148   (0.040) 0.015 0.015 0.009 0.007 0.041 0.086 0.048 0.017 0.005 
 126   (0.016) 0.002 0.009 0.003 0.001 0.001 0.001 0.004 0.006 0.002 
 124   (0.019) 0.063 0.007 0.004 0.010 0.011 0.010 0.002 0.001 0.003 
 154   (0.016) 0.002 0.006 0.003 0.001 0.001 0.001 0.005 0.007 0.002 
 150   (0.016) 0.016 0.006 0.004 0.002 0.006 0.002 0.002 0.001 0.003 

Locus 5 : 
25 alleles
3.0% missing data
 366   (0.130) 0.118 0.302 0.195 0.008 0.046 0.009 0.200 0.255 0.205 
 346   (0.021) 0.003 0.024 0.007 0.001 0.002 0.001 0.003 0.001 0.168 
 350   (0.033) 0.006 0.012 0.007 0.278 0.015 0.002 0.004 0.002 0.109 
 362   (0.124) 0.097 0.104 0.172 0.013 0.034 0.014 0.315 0.336 0.201 
 361   (0.031) 0.009 0.012 0.080 0.042 0.034 0.004 0.004 0.002 0.005 
 370   (0.093) 0.078 0.080 0.091 0.011 0.331 0.027 0.035 0.272 0.039 
 358   (0.073) 0.147 0.029 0.091 0.073 0.065 0.007 0.051 0.044 0.022 
 398   (0.019) 0.003 0.007 0.004 0.121 0.005 0.001 0.002 0.001 0.002 
 374   (0.058) 0.191 0.022 0.013 0.007 0.011 0.379 0.149 0.031 0.016 
 378   (0.075) 0.058 0.074 0.052 0.035 0.029 0.340 0.051 0.018 0.073 
 382   (0.018) 0.006 0.006 0.004 0.001 0.002 0.116 0.002 0.001 0.002 
 354   (0.076) 0.157 0.030 0.113 0.060 0.172 0.013 0.013 0.021 0.108 
 394   (0.018) 0.003 0.007 0.004 0.138 0.020 0.001 0.002 0.001 0.002 
 402   (0.018) 0.030 0.006 0.004 0.003 0.062 0.001 0.002 0.001 0.002 
 385   (0.017) 0.002 0.006 0.004 0.001 0.001 0.001 0.121 0.001 0.002 
 353   (0.020) 0.014 0.007 0.004 0.125 0.007 0.004 0.002 0.001 0.003 
 386   (0.016) 0.002 0.006 0.003 0.001 0.001 0.060 0.002 0.001 0.002 
 406   (0.017) 0.019 0.007 0.004 0.004 0.022 0.003 0.002 0.001 0.002 
 373   (0.015) 0.004 0.007 0.003 0.004 0.012 0.002 0.002 0.001 0.002 
 357   (0.026) 0.020 0.010 0.006 0.052 0.062 0.004 0.004 0.003 0.003 
 390   (0.017) 0.005 0.007 0.004 0.007 0.030 0.001 0.002 0.001 0.002 
 365   (0.037) 0.018 0.016 0.087 0.005 0.004 0.007 0.025 0.003 0.020 
 349   (0.016) 0.004 0.007 0.003 0.008 0.030 0.002 0.002 0.001 0.002 
 342   (0.016) 0.002 0.208 0.004 0.001 0.001 0.001 0.002 0.001 0.002 
 369   (0.016) 0.002 0.007 0.039 0.001 0.001 0.001 0.002 0.001 0.003 

Locus 6 : 
14 alleles
0.4% missing data
 117   (0.415) 0.537 0.266 0.517 0.285 0.169 0.919 0.614 0.578 0.641 
 137   (0.052) 0.023 0.021 0.036 0.003 0.008 0.004 0.012 0.034 0.059 
 135   (0.088) 0.031 0.069 0.020 0.277 0.025 0.007 0.039 0.232 0.053 
 133   (0.119) 0.024 0.361 0.029 0.128 0.083 0.006 0.284 0.089 0.092 
 143   (0.040) 0.014 0.018 0.146 0.002 0.006 0.003 0.004 0.002 0.073 
 123   (0.021) 0.004 0.007 0.004 0.194 0.009 0.001 0.002 0.001 0.003 
 129   (0.055) 0.031 0.020 0.011 0.027 0.167 0.043 0.008 0.048 0.007 
 139   (0.069) 0.260 0.140 0.205 0.014 0.012 0.005 0.021 0.006 0.024 
 141   (0.023) 0.013 0.008 0.005 0.022 0.079 0.001 0.002 0.001 0.003 
 145   (0.027) 0.026 0.010 0.006 0.006 0.401 0.002 0.003 0.002 0.004 
 131   (0.032) 0.010 0.057 0.009 0.036 0.019 0.005 0.003 0.002 0.006 
 149   (0.022) 0.022 0.008 0.004 0.005 0.020 0.003 0.002 0.001 0.003 
 127   (0.018) 0.002 0.007 0.004 0.001 0.001 0.001 0.002 0.001 0.017 
 147   (0.019) 0.002 0.007 0.004 0.001 0.001 0.001 0.002 0.001 0.017 

Locus 7 : 
17 alleles
0.4% missing data
 197   (0.210) 0.056 0.134 0.234 0.008 0.023 0.009 0.484 0.327 0.748 
 203   (0.131) 0.320 0.108 0.262 0.022 0.200 0.076 0.030 0.008 0.115 
 215   (0.053) 0.011 0.019 0.011 0.009 0.030 0.003 0.019 0.359 0.007 
 217   (0.036) 0.005 0.012 0.007 0.001 0.003 0.001 0.073 0.105 0.005 
 201   (0.042) 0.015 0.015 0.120 0.006 0.003 0.006 0.005 0.002 0.020 
 207   (0.137) 0.471 0.051 0.053 0.524 0.453 0.880 0.028 0.023 0.029 
 199   (0.103) 0.078 0.117 0.219 0.307 0.069 0.012 0.015 0.048 0.014 
 219   (0.027) 0.003 0.009 0.005 0.001 0.002 0.001 0.011 0.067 0.003 
 211   (0.045) 0.011 0.060 0.010 0.017 0.173 0.002 0.022 0.004 0.006 
 229   (0.025) 0.004 0.008 0.005 0.001 0.002 0.001 0.022 0.010 0.003 
 231   (0.020) 0.003 0.007 0.004 0.001 0.002 0.001 0.005 0.007 0.003 
 221   (0.022) 0.003 0.008 0.005 0.001 0.002 0.001 0.004 0.021 0.003 
 205   (0.041) 0.005 0.414 0.042 0.001 0.003 0.002 0.007 0.007 0.006 
 227   (0.022) 0.003 0.007 0.005 0.001 0.002 0.001 0.082 0.002 0.003 
 213   (0.029) 0.004 0.010 0.006 0.001 0.002 0.001 0.172 0.003 0.013 
 209   (0.037) 0.006 0.013 0.008 0.099 0.029 0.002 0.020 0.008 0.005 
 223   (0.019) 0.003 0.007 0.004 0.001 0.001 0.001 0.002 0.001 0.017 

Locus 8 : 
11 alleles
0.0% missing data
 242   (0.517) 0.477 0.275 0.413 0.848 0.138 0.061 0.927 0.691 0.702 
 245   (0.079) 0.014 0.202 0.472 0.003 0.006 0.163 0.008 0.004 0.077 
 251   (0.104) 0.165 0.080 0.023 0.117 0.325 0.728 0.010 0.005 0.071 
 233   (0.022) 0.003 0.008 0.004 0.001 0.002 0.001 0.018 0.003 0.003 
 239   (0.070) 0.015 0.029 0.041 0.006 0.016 0.004 0.011 0.267 0.023 
 260   (0.034) 0.065 0.014 0.007 0.007 0.017 0.003 0.005 0.012 0.004 
 257   (0.032) 0.150 0.012 0.007 0.005 0.213 0.002 0.003 0.002 0.004 
 254   (0.033) 0.060 0.013 0.007 0.002 0.007 0.030 0.004 0.004 0.004 
 243   (0.020) 0.022 0.007 0.005 0.001 0.005 0.002 0.002 0.001 0.003 
 248   (0.070) 0.026 0.353 0.016 0.009 0.271 0.005 0.007 0.004 0.106 
 236   (0.019) 0.003 0.008 0.004 0.001 0.001 0.001 0.004 0.007 0.002 

Locus 9 : 
13 alleles
0.0% missing data
 161   (0.177) 0.050 0.315 0.069 0.024 0.451 0.014 0.056 0.218 0.410 
 163   (0.112) 0.082 0.137 0.079 0.018 0.010 0.050 0.017 0.152 0.181 
 169   (0.248) 0.423 0.128 0.055 0.334 0.267 0.763 0.109 0.327 0.245 
 171   (0.059) 0.086 0.023 0.013 0.075 0.101 0.011 0.021 0.005 0.037 
 167   (0.074) 0.010 0.119 0.033 0.003 0.006 0.003 0.303 0.206 0.022 
 181   (0.026) 0.004 0.010 0.006 0.001 0.002 0.001 0.022 0.003 0.017 
 157   (0.027) 0.004 0.010 0.006 0.001 0.002 0.001 0.031 0.047 0.003 
 159   (0.082) 0.028 0.042 0.569 0.008 0.042 0.004 0.375 0.030 0.011 
 165   (0.088) 0.208 0.176 0.148 0.523 0.061 0.137 0.009 0.005 0.012 
 177   (0.030) 0.022 0.011 0.007 0.002 0.006 0.003 0.049 0.003 0.004 
 173   (0.038) 0.019 0.014 0.008 0.007 0.042 0.003 0.004 0.002 0.051 
 179   (0.020) 0.048 0.007 0.004 0.001 0.008 0.004 0.002 0.001 0.003 
 151   (0.020) 0.015 0.007 0.004 0.004 0.002 0.006 0.002 0.001 0.003 

Locus 10 : 
9 alleles
1.3% missing data
 206   (0.698) 0.845 0.395 0.650 0.987 0.960 0.983 0.944 0.431 0.716 
 209   (0.146) 0.116 0.267 0.084 0.007 0.023 0.009 0.040 0.307 0.261 
 215   (0.026) 0.003 0.046 0.198 0.001 0.002 0.001 0.003 0.001 0.004 
 203   (0.029) 0.005 0.010 0.006 0.001 0.002 0.001 0.004 0.255 0.004 
 197   (0.020) 0.020 0.008 0.005 0.002 0.006 0.002 0.002 0.001 0.003 
 212   (0.020) 0.003 0.065 0.007 0.001 0.002 0.001 0.002 0.001 0.003 
 223   (0.020) 0.003 0.065 0.007 0.001 0.002 0.001 0.002 0.001 0.003 
 220   (0.021) 0.003 0.134 0.007 0.001 0.002 0.001 0.002 0.001 0.003 
 218   (0.020) 0.003 0.008 0.036 0.001 0.002 0.001 0.002 0.001 0.004 

Locus 11 : 
15 alleles
0.4% missing data
 155   (0.111) 0.016 0.293 0.106 0.004 0.009 0.004 0.017 0.281 0.268 
 165   (0.263) 0.634 0.133 0.310 0.641 0.555 0.919 0.028 0.032 0.460 
 173   (0.086) 0.055 0.031 0.045 0.025 0.010 0.027 0.647 0.116 0.013 
 183   (0.034) 0.004 0.013 0.082 0.001 0.003 0.001 0.005 0.015 0.005 
 177   (0.091) 0.028 0.069 0.053 0.046 0.035 0.013 0.179 0.010 0.107 
 185   (0.051) 0.006 0.019 0.120 0.002 0.004 0.002 0.017 0.409 0.007 
 187   (0.051) 0.010 0.072 0.014 0.011 0.048 0.003 0.010 0.036 0.007 
 169   (0.019) 0.003 0.008 0.005 0.001 0.003 0.001 0.003 0.006 0.002 
 175   (0.064) 0.159 0.028 0.172 0.005 0.008 0.013 0.046 0.005 0.022 
 167   (0.067) 0.060 0.040 0.022 0.245 0.236 0.008 0.019 0.005 0.021 
 163   (0.022) 0.005 0.008 0.005 0.006 0.030 0.002 0.002 0.001 0.003 
 179   (0.032) 0.006 0.012 0.007 0.010 0.050 0.002 0.005 0.007 0.004 
 181   (0.040) 0.005 0.144 0.011 0.001 0.003 0.002 0.005 0.071 0.005 
 171   (0.030) 0.004 0.011 0.007 0.001 0.002 0.001 0.015 0.004 0.036 
 189   (0.039) 0.005 0.119 0.040 0.001 0.003 0.002 0.004 0.002 0.041 

Locus 12 : 
6 alleles
0.0% missing data
 165   (0.825) 0.717 0.916 0.854 0.985 0.854 0.989 0.969 0.895 0.637 
 167   (0.083) 0.015 0.053 0.020 0.010 0.031 0.005 0.021 0.100 0.272 
 169   (0.023) 0.003 0.008 0.005 0.001 0.002 0.001 0.002 0.001 0.081 
 171   (0.021) 0.003 0.007 0.111 0.001 0.002 0.001 0.002 0.001 0.003 
 173   (0.027) 0.184 0.009 0.006 0.003 0.101 0.003 0.003 0.001 0.004 
 161   (0.022) 0.078 0.007 0.005 0.001 0.011 0.002 0.002 0.001 0.003 

Locus 13 : 
8 alleles
1.3% missing data
 185   (0.040) 0.005 0.014 0.007 0.001 0.003 0.002 0.108 0.003 0.100 
 188   (0.603) 0.843 0.441 0.169 0.970 0.781 0.976 0.626 0.579 0.594 
 191   (0.089) 0.013 0.070 0.018 0.003 0.007 0.004 0.182 0.196 0.173 
 193   (0.023) 0.003 0.008 0.004 0.001 0.002 0.001 0.002 0.001 0.067 
 190   (0.182) 0.115 0.307 0.789 0.018 0.202 0.012 0.064 0.207 0.057 
 182   (0.022) 0.003 0.008 0.004 0.001 0.002 0.001 0.013 0.012 0.003 
 187   (0.021) 0.015 0.008 0.004 0.005 0.002 0.005 0.002 0.001 0.003 
 189   (0.021) 0.003 0.144 0.005 0.001 0.002 0.001 0.002 0.001 0.003 

Locus 14 : 
28 alleles
9.7% missing data
 396   (0.125) 0.028 0.183 0.175 0.085 0.099 0.198 0.185 0.197 0.308 
 408   (0.047) 0.301 0.018 0.011 0.045 0.007 0.038 0.015 0.074 0.051 
 407   (0.026) 0.003 0.010 0.006 0.001 0.003 0.001 0.055 0.029 0.016 
 400   (0.110) 0.210 0.308 0.028 0.033 0.069 0.459 0.202 0.169 0.138 
 410   (0.042) 0.037 0.017 0.042 0.003 0.014 0.004 0.082 0.017 0.041 
 388   (0.047) 0.032 0.019 0.060 0.005 0.016 0.004 0.011 0.042 0.115 
 421   (0.022) 0.004 0.008 0.005 0.002 0.002 0.112 0.019 0.003 0.003 
 404   (0.055) 0.025 0.021 0.013 0.232 0.017 0.037 0.042 0.169 0.033 
 395   (0.021) 0.003 0.009 0.394 0.020 0.002 0.001 0.002 0.001 0.003 
 414   (0.032) 0.005 0.013 0.033 0.010 0.265 0.002 0.009 0.018 0.005 
 418   (0.052) 0.171 0.021 0.012 0.104 0.100 0.011 0.009 0.054 0.035 
 412   (0.027) 0.070 0.013 0.007 0.008 0.008 0.006 0.007 0.012 0.004 
 406   (0.017) 0.002 0.006 0.004 0.001 0.002 0.001 0.011 0.025 0.002 
 430   (0.028) 0.009 0.011 0.007 0.147 0.010 0.004 0.005 0.020 0.004 
 392   (0.083) 0.018 0.076 0.079 0.047 0.058 0.041 0.277 0.036 0.171 
 422   (0.038) 0.022 0.015 0.009 0.096 0.015 0.004 0.007 0.058 0.017 
 393   (0.015) 0.010 0.006 0.003 0.002 0.004 0.001 0.003 0.003 0.002 
 444   (0.014) 0.002 0.006 0.004 0.014 0.002 0.002 0.002 0.001 0.002 
 403   (0.032) 0.006 0.013 0.008 0.012 0.041 0.002 0.015 0.019 0.016 
 411   (0.016) 0.002 0.006 0.004 0.001 0.002 0.001 0.011 0.012 0.002 
 399   (0.014) 0.002 0.006 0.003 0.001 0.001 0.001 0.011 0.005 0.002 
 426   (0.030) 0.006 0.013 0.007 0.105 0.251 0.003 0.006 0.004 0.015 
 439   (0.016) 0.016 0.006 0.004 0.015 0.002 0.013 0.002 0.001 0.002 
 434   (0.015) 0.009 0.006 0.003 0.007 0.002 0.007 0.002 0.001 0.002 
 384   (0.021) 0.003 0.072 0.013 0.001 0.002 0.001 0.004 0.005 0.004 
 416   (0.023) 0.003 0.008 0.005 0.001 0.002 0.045 0.003 0.021 0.003 
 415   (0.018) 0.002 0.043 0.054 0.001 0.002 0.001 0.002 0.001 0.004 
 423   (0.015) 0.002 0.064 0.006 0.001 0.001 0.001 0.002 0.001 0.003 

Locus 15 : 
11 alleles
1.3% missing data
 197   (0.396) 0.523 0.596 0.303 0.808 0.295 0.793 0.297 0.180 0.177 
 203   (0.024) 0.003 0.009 0.005 0.001 0.002 0.001 0.003 0.001 0.096 
 200   (0.114) 0.055 0.171 0.364 0.097 0.024 0.021 0.013 0.006 0.374 
 191   (0.080) 0.011 0.079 0.019 0.003 0.006 0.003 0.430 0.193 0.035 
 194   (0.212) 0.073 0.082 0.273 0.016 0.064 0.037 0.173 0.572 0.234 
 185   (0.031) 0.086 0.011 0.006 0.013 0.007 0.138 0.003 0.002 0.004 
 182   (0.048) 0.236 0.018 0.010 0.058 0.595 0.003 0.006 0.004 0.006 
 179   (0.024) 0.003 0.009 0.005 0.001 0.002 0.001 0.005 0.028 0.003 
 188   (0.025) 0.004 0.010 0.005 0.001 0.002 0.001 0.064 0.012 0.003 
 206   (0.022) 0.003 0.008 0.005 0.001 0.002 0.001 0.003 0.001 0.034 
 209   (0.022) 0.003 0.008 0.005 0.001 0.002 0.001 0.003 0.001 0.034 

Locus 16 : 
32 alleles
2.5% missing data
 378   (0.025) 0.061 0.010 0.006 0.003 0.034 0.002 0.003 0.001 0.132 
 398   (0.048) 0.028 0.020 0.011 0.053 0.019 0.304 0.009 0.070 0.048 
 409   (0.019) 0.003 0.008 0.004 0.001 0.002 0.002 0.018 0.004 0.017 
 374   (0.026) 0.003 0.074 0.007 0.001 0.002 0.001 0.005 0.007 0.097 
 386   (0.049) 0.104 0.064 0.013 0.164 0.031 0.006 0.014 0.020 0.052 
 371   (0.021) 0.005 0.011 0.005 0.004 0.011 0.002 0.003 0.001 0.081 
